0
0
0.199586743085
3.22361281059
4.81990555122
9.04153008948
13.4559458357
17.9976497604
16.4142555006
15.9029486957
15.4168063629
15.2370283953
14.8828622707
14.9569805697
14.7021775132
14.614122131
14.6381583122
14.4449681459
14.3761029778
14.6022791191
14.4890320829
14.5092899383
14.4553370374
14.3978725675
14.350093828
14.4143598685
14.3208172989
14.3502607158
14.2240471743
14.220145858
14.2023746155
14.1705200439
14.2595775181
14.2033463089
14.1359408377
14.1887155231
14.2315338842
14.1339430213
14.1567775953
14.1711050322
14.1770340897
14.1752348174
14.1655679937
14.1482219222
14.12389017
14.0933539021
14.0569261411
14.1439024293
14.0964403804
14.0439504473
14.1172383403
14.055369647
14.1210837087
14.0512817358
14.1092237723
14.0606110754
14.1978504179
14.1951700141
14.1881741527
14.1756200854
14.1577896348
14.1357887676
14.1083238905
14.0765638826
14.0395551824
14.1329714153
14.0860975174
14.0352215828
14.1168477549
14.0571762783
14.1317583124
14.0630924764
14.1323609012
14.0577672638
14.1202227773
14.0369430368
14.0919232036
14.0010383041
14.0494825299
14.0949299214
13.9914620607
14.0301359764
14.0659474133
14.0988246392
13.9781609106
14.003730116
14.0260920415
14.0858447283
14.0316088819
14.1311342204
14.071432212
14.1677278614
14.1029200764
14.0390543033
14.1329692074
14.0635843162
14.153913278
14.0794058081
14.1667967571
14.0871055941
14.0027627296
14.0814090301
14.1604276994
14.0686766344
14.1444504436
14.0510001992
14.1253166964
14.0259531887
14.0929229815
13.98730526
14.0551567549
14.1226088917
14.0068382319
14.0724062029
14.1345612923
14.0140479458
14.0727477529
14.1348690947
14.0027990664
14.0616818039
14.1174952097
13.9809314772
14.0347355546
14.0900017194
14.1450062991
13.9961804597
14.0482148268
14.0985756527
14.1478250609
13.984595588
14.0310717817
14.0759088721
14.1213607045
13.9435676942
13.9864077573
14.0282290028
14.070132337
14.1108847262
14.1515527517
13.9573229497
14.0342240402
14.1093664128
14.1857698302
14.0063833441
14.0777722746
14.1481568701
13.9526782923
14.0182010008
14.0844731109
14.1478670606
13.9308670913
13.989477472
14.0487568088
14.1083088443
14.1680026246
13.9222043728
13.9784017401
14.0359286404
14.094899179
14.1545272994
14.213080277
13.9302145878
13.9835008748
14.035684395
14.0860785591
14.1346372973
14.1821461692
14.2284393941
13.8782785243
13.9218407376
13.9650708697
14.0069461859
14.0475326598
14.0892136983
14.1305698333
14.1726042067
14.238169291
14.3034826921
13.834581385
13.8941590853
13.9540281653
14.0134955103
14.0727639606
14.1316813661
14.1903701754
14.2487907773
14.3063694425
14.3635490558
14.4196887234
14.4770658455
13.6230631926
13.6717678956
13.7209457874
13.7694931807
13.8179447151
13.8659349877
13.9136042879
13.9608242567
14.0076597606
14.0538786584
14.0995956596
14.144650702
14.1892661129
14.2336543213
14.2773246152
14.3205285557
14.0340686098
14.0379938982
14.0432273742
14.0479253088
14.0520177408
14.05522482
14.0221008797
14.0244578319
14.02626369
14.0276506094
14.0282672742
14.0285120699
14.0281812997
14.0276096745
14.0265438036
14.0253958374
14.0238768291
14.0224158289
14.0207657409
14.0201670357
14.0187122034
14.0177533464
14.0516969841
14.0503954886
14.0493124118
14.0472009852
14.0455408332
14.043393984
14.040759746
14.0376867083
14.034308497
14.0305668484
14.0264754976
14.0204703417
14.0151326625
14.0464884864
14.0412753123
14.0359730497
14.0303745807
14.0243226469
14.0180059267
14.0113131983
14.0397319645
14.0318684343
14.0239253688
14.0156421536
14.04315624
14.0343580142
14.0252823932
14.0159021918
14.0424238209
14.0325569017
14.0224123403
14.0120637306
14.0378208082
14.0271219477
14.0164203708
14.041842606
14.0308521787
14.0196608029
14.008357556
14.0333429871
14.0216347946
14.0096896681
14.0340643137
14.021584456
14.0087337633
14.0322835797
14.01886383
14.005134736
14.0276359024
14.0132639214
14.0353070871
14.020363661
14.0051511378
14.0266542767
14.010914066
14.0319707314
14.0152739519
14.0356003889
14.0177748752
14.0379196328
14.0205292274
14.0029477436
14.022670442
14.0049915318
14.024626833
14.0062605181
14.0249879114
14.0067007881
14.0256646655
14.0067227064
14.0247122682
14.0054104558
14.0232947274
14.0031506546
14.0208930517
14.000819602
14.0187562088
14.0364381046
14.0156269395
14.0329723183
14.0119810019
14.0291410012
14.0080856391
14.0253146115
14.0040170702
14.0212450512
14.0004061653
14.017697974
14.0348468691
14.0137804054
14.031409477
14.0072508619
14.0158355206
14.0304382946
14.0066120804
14.0224091062
14.0018264788
14.020074028
13.9983557522
14.0162070458
14.0341346483
14.012048637
14.0286403566
14.0061719459
14.0231732793
14.0003371634
14.019621536
14.0384080489
14.0164434952
14.0343956663
14.0119107233
14.029335764
14.0064752059
14.0236217375
14.0003608632
14.0177023387
14.0351962296
14.0116053788
14.0287017453
14.0048939462
14.0217078038
13.9976791687
14.0142403902
14.0309561749
14.0064053241
14.0228791857
13.9981710353
14.0143855806
14.0308595995
13.9966829761
14.0104805852
14.0247757072
14.0005468164
14.0175614765
14.0340807764
14.0088228309
14.025572235
14.0000541744
14.0165073131
14.0333213783
14.0076775256
14.0241199507
13.9980906893
14.0143850199
14.0307985394
14.0045345548
14.0210199392
14.0376044974
14.0111611864
14.0276594727
14.0010240461
14.0174097381
14.0339374577
14.0070985513
14.0236894775
13.9969998278
14.0135384755
14.0305232669
14.0035452169
14.0204358463
14.0372335251
14.0100248496
14.0267602271
13.9994847774
14.0161600412
14.0330661891
14.0053168726
14.0221221213
14.0387928372
14.0108348457
14.0270010758
13.9986570455
14.0147297195
14.031438024
14.002124282
14.0192413826
14.0350266475
14.0063375298
14.0221564586
14.0390414986
14.0088778964
14.0254810428
13.9951036085
14.0117009127
14.0270604638
13.9974121366
14.0126252407
14.0291217826
13.9977163494
14.0141339522
14.0291914001
13.9987333018
14.0135283928
14.0297594585
13.9974446086
14.0135200618
14.0281893899
13.9968145015
14.0114851253
14.027571351
13.9945897413
14.0105563367
14.0253281128
13.9932336501
14.0079799894
14.0239231778
14.0387033939
14.0059363133
14.0205637998
14.0364078069
14.0020184851
14.0176549526
14.0321916828
13.9984906937
14.0130184168
14.0285663973
13.9935881717
14.0090716061
14.0236941192
14.0391775131
14.0036325101
14.0190553843
14.0338115226
13.9986458064
14.0134553449
14.0287391787
13.9927477397
14.0077544835
14.0225411635
14.0376150026
14.0010360577
14.0160539145
14.0308623976
13.9940952133
14.0088010976
14.0237942615
14.0385539758
14.0012531291
14.0159745391
14.0309282842
13.9929188941
14.0078698494
14.0225958787
14.0374842378
13.9990758458
14.01428313
14.0298113112
13.991370151
14.0067814015
14.0221030732
14.0371088878
13.9969586421
14.0116043217
14.0268158695
14.0417519199
14.001427173
14.0164286895
14.0318661289
13.9913184046
14.0062749404
14.0214775574
14.036731372
13.9959643175
14.0112056685
14.0265995199
14.0416997591
14.0000748016
14.0151607612
14.030478907
13.9883939117
14.0035874528
14.0187590163
14.0340497012
13.9911548261
14.0065622152
14.02171295
14.0368744307
13.9935428455
14.0087786876
14.0241253494
14.0399198498
13.9976041043
14.0147503889
14.0319310859
13.9889637905
14.0060069502
14.0231447105
14.0403578256
13.9965874085
14.0135794767
14.0306406564
14.0477524592
14.0028179256
14.0195617876
14.0363796011
13.9909672752
14.0077755032
14.0246008438
14.0412491331
13.994885118
14.0114225267
14.028035213
14.0446030452
13.9971957901
14.0135877988
14.0300467948
14.0464892925
13.9980088331
14.0142376216
14.0304722056
14.0466179691
13.9969480918
14.0128426245
14.0288025591
14.0447032894
13.9939766465
14.0096794948
14.0254955117
14.0413021223
13.9893040242
14.0047770462
14.0204669187
14.036079349
13.9831308028
13.9985990877
14.0141462227
14.0296226746
14.0451393454
13.9906027322
14.0058628488
14.021137089
14.0364786407
13.9806683747
13.9957864708
14.0108910079
14.0260325619
14.0410824187
13.9836144379
13.9984898533
14.0133944213
14.028251071
14.0431594476
13.9838992459
13.9985597499
14.0132254121
14.027868193
14.0423629061
13.9812101053
13.9955260853
14.0098733833
14.024099421
14.0383685603
14.0524578176
13.9888330849
14.0027386897
14.0166520609
14.0306745502
14.0446908741
13.9791349061
13.9929080469
14.006899205
14.0206474553
14.0343969183
14.0480777381
13.9798759296
13.9930772562
14.0065782131
14.019948163
14.033369151
14.0465160505
13.9754951569
13.9883981053
14.0015106314
14.0144337744
14.0274981275
14.0403128271
14.0532637692
13.9785339843
13.991144252
14.0037489134
14.0164369181
14.0289686435
14.0416126235
14.0540685694
13.9757829777
13.9881507831
14.0005626272
14.012859842
14.0251007702
14.0371812178
14.0492280974
13.9667806729
13.9786267791
13.9903202168
14.0022436392
14.0141305683
14.0257418077
14.0376440603
14.0494816952
14.0612497312
13.9729217774
13.9841376584
13.9963487514
14.0102607237
14.0245537051
14.0387750688
14.0528198496
13.9627048059
13.9765933608
13.9905049847
14.0046268164
14.0183516222
14.0320268005
14.0461074164
14.0598545414
13.9639132243
13.97753393
13.9910369643
14.0046918454
14.0181253216
14.0318105516
14.0452514179
14.0588419108
13.9562080497
13.9695900251
13.9827735597
13.9960484248
14.0092831535
14.0227085315
14.0358879151
14.0492240143
14.0624399574
14.0747179058
13.9621191888
13.9748661485
13.9876943072
14.0006122737
14.0134354766
14.026341225
14.0391471042
14.052089559
14.0649001387
14.0777787737
13.9477286192
13.9599018216
13.9720964373
13.9851776225
13.9977996852
14.0101956634
14.0224786845
14.0348458012
14.0472291004
14.0597603456
14.0722070443
14.0847578802
13.9441463806
13.9565454987
13.9687591645
13.9810292946
13.9931678603
14.0054359842
14.0175933116
14.0299036479
14.0420967409
14.0544445145
14.0666871819
14.079051201
14.091300115
13.9275833521
13.9395302801
13.9515759204
13.9634657098
13.9754693229
13.987379548
13.9994172858
14.0113473147
14.0234276871
14.0353909511
14.047490854
14.0594683554
14.0715780616
14.0835418541
14.0956886927
14.1076655652
14.1197936246
13.9112180704
13.9229447878
13.9345567924
13.9462361119
13.9577626647
13.9694049688
13.9809967123
13.9927323182
14.004373781
14.0161454444
14.0277802535
14.0395759376
14.0512235127
14.0629933367
14.074635569
14.086414642
14.0980858626
14.1098808329
14.121532587
14.1333424895
14.1450250328
14.1568384939
14.1685216964
14.1804082214
13.8466295146
13.8580034541
13.8692269219
13.8804645914
13.8916037714
13.902815902
13.9139644394
13.9252061758
13.9363559644
13.9475662079
13.9586559978
13.9698182495
13.9808316657
13.9919704928
14.0029794967
14.0140990011
14.0251047543
14.0362086908
14.0471748989
14.0582806641
14.0692811458
14.0803871931
14.0913595033
14.1024721628
14.113498805
14.1246058613
14.1355100231
14.1465554671
14.1574635038
14.1685210835
14.1794243748
14.1904579209
14.2013656504
14.2123823431
14.2232641518
14.2343259352
14.2452545396
14.2563170581
14.2672592964
14.278322376
14.289257523
14.0034108178
14.0139213067
14.0064289754
14.0167957939
14.0091514685
14.001351721
14.0117997659
14.0039002089
14.0143099388
14.0060070778
14.0168993509
14.0090704589
14.0193926217
14.0114601016
14.0035546833
14.0137053518
14.0057016833
14.015781979
14.0077717903
14.0178586231
14.0097722595
14.0015863666
14.0117758242
14.0035278019
14.0136697329
14.0053887793
14.0155412907
14.0071606019
14.0172680099
14.0088644786
14.018969637
14.0105214188
14.0022252554
14.0122668644
14.0031652461
14.0124816708
14.0038085562
14.0134474965
14.0042917343
14.0145789
14.0060247183
14.0158285328
14.0070176554
14.016974581
14.008176296
14.0180000477
14.0090303107
14.0187990847
14.0097864152
14.0022468745
14.0114580314
14.0022931812
14.0116390741
14.0027733239
14.0123636091
14.0033912414
14.0128936355
14.0038470655
14.0133447978
14.0043226302
14.013800539
14.0046988661
14.0141787905
14.0050389057
14.0144842502
14.0052894331
14.0147101508
14.0054650314
14.0147928644
14.0054885171
14.0148548134
14.0055676735
14.0149062794
14.0055414651
14.0149326708
14.006348068
14.0152848481
14.0054461111
14.0143746611
14.004705823
14.0138090209
14.0040954595
14.0132011373
14.0034782292
14.0125553331
14.0028089385
14.0118715879
14.0020474021
14.0110837766
14.0012147609
