0
0
1.02640138974e-07
8.2318119088e-07
2.66574214467e-06
6.85510824569e-06
1.15491864738e-05
1.33103145568e-05
1.31340218041e-05
1.33065688013e-05
1.3452639698e-05
1.32375499327e-05
1.31517299484e-05
1.29905382351e-05
1.2787462021e-05
1.28545756064e-05
1.27405871925e-05
1.27372773967e-05
1.27111087969e-05
1.27924377598e-05
1.28538378679e-05
1.28953878222e-05
1.29206921285e-05
1.30557243893e-05
1.30533091062e-05
1.31582049999e-05
1.32536397181e-05
1.34578333313e-05
1.35306649328e-05
1.35925617265e-05
1.36451467585e-05
1.38101917168e-05
1.38453693284e-05
1.40008713925e-05
1.40192065184e-05
1.41520980831e-05
1.42794064273e-05
1.42755991802e-05
1.43883636342e-05
1.43712908412e-05
1.43476860918e-05
1.44402816899e-05
1.44052491566e-05
1.44858341684e-05
1.45618158925e-05
1.45104665754e-05
1.45752755167e-05
1.46354649329e-05
1.46910251346e-05
1.46202360006e-05
1.46658710854e-05
1.47112999835e-05
1.47487112191e-05
1.47821558918e-05
1.49348963356e-05
1.4960933672e-05
1.49828333763e-05
1.50010097426e-05
1.51412157415e-05
1.51521290873e-05
1.51590426439e-05
1.52922118706e-05
1.52920763452e-05
1.52880424556e-05
1.52829081918e-05
1.52721246389e-05
1.5388332372e-05
1.53707063929e-05
