0.00120482	0	0	-3.20402090289e-06	0	0	-0.0053186746988	0	0	0	0	0
0.00265769	3.83523160191e-09	-3.38035529954e-09	-2.02043827646e-05	5.27952369785e-06	-4.65334763674e-06	-0.0180837746543	-0.00328376595703	0.0898873348717	0.0013876960164	0	0
0.00439595	5.36481898948e-08	-4.30494029425e-08	-6.46369987636e-05	5.20342107393e-05	-4.09890181231e-05	-0.0330394519314	-0.0234823197988	0.643863736596	0.011829967303	1.02640138974e-07	0.2429102218
0.00647429	2.33651099551e-07	-1.84742595963e-07	-0.000151727973005	0.000121182999661	-9.53626646057e-05	-0.0507683911634	-0.0528736665503	1.44300017174	0.025965220759	8.2318119088e-07	3.16458248397
0.00881244	5.77351052943e-07	-4.59357760361e-07	-0.000293859297183	0.000172810999312	-0.000139537601057	-0.0708078731393	-0.0769687028536	2.08324539026	0.0349229670341	2.66574214467e-06	6.1730695699
0.0108849	9.86997338697e-07	-7.92309255287e-07	-0.000458946606965	0.000222515642584	-0.000181775202161	-0.0885086251805	-0.100731504324	2.71306729223	0.0438976888302	6.85510824569e-06	10.5331168619
0.0125663	1.39806624148e-06	-1.12825418559e-06	-0.000619808761643	0.000266439591766	-0.000217822118422	-0.10283251497	-0.121954155831	3.27470696453	0.0520645579893	1.15491864738e-05	15.8195278928
0.0140482	1.82223128998e-06	-1.47482650022e-06	-0.000781545579694	0.000306011019411	-0.000249909803446	-0.115446526808	-0.140518387752	3.76021289898	0.0589874361637	1.33103145568e-05	17.2839182158
0.0153912	2.25755496483e-06	-1.82963686407e-06	-0.000944269174437	0.0003422761271	-0.000278476341436	-0.126882620444	-0.156812192758	4.18140543028	0.0649498548934	1.31340218041e-05	15.8248961783
0.0165999	2.69312540011e-06	-2.1826256965e-06	-0.00110384619568	0.000378451232787	-0.000305605333225	-0.137165432198	-0.171981031412	4.57147420756	0.0707151076129	1.33065688013e-05	15.4462144929
0.0177119	3.13400574633e-06	-2.53685341413e-06	-0.00126163161868	0.00041449826174	-0.000331494260911	-0.146621024792	-0.186098937457	4.93182784033	0.076191933589	1.3452639698e-05	15.5630483006
0.0187405	3.57882164416e-06	-2.89056904885e-06	-0.00141694279111	0.000450396676523	-0.000356266368927	-0.155364240451	-0.199229625273	5.26430991862	0.0813767989463	1.32375499327e-05	15.310801827
0.0196965	4.02655836705e-06	-3.24254700107e-06	-0.00156935282926	0.000486297036777	-0.000380093903107	-0.163487257029	-0.211511626573	5.57293614862	0.0863186890385	1.31517299484e-05	15.1891392294
0.0206091	4.4872250715e-06	-3.60019143337e-06	-0.00172207737686	0.000523339594829	-0.000403750287167	-0.171236950982	-0.223393728448	5.86965174501	0.0912105934199	1.29905382351e-05	14.9955646825
0.021472	4.9549916053e-06	-3.95855442083e-06	-0.00187300649819	0.00056077701209	-0.000426807775318	-0.178563120382	-0.2346888214	6.14966127909	0.095941329102	1.2787462021e-05	14.7415625604
0.0222986	5.43440186863e-06	-4.32080453366e-06	-0.00202350774776	0.000599165298558	-0.000449663308122	-0.185577534377	-0.245615284048	6.41869637081	0.100601273739	1.28545756064e-05	14.7819943392
0.0230915	5.9249959051e-06	-4.68629491604e-06	-0.00217331298944	0.000638347074455	-0.000472277923911	-0.192302803195	-0.256183751892	6.67711462769	0.105180729519	1.27405871925e-05	14.6029553987
0.0238606	6.43143424164e-06	-5.05820499284e-06	-0.00232371775246	0.000678641855399	-0.000494871319556	-0.198823605712	-0.266517629183	6.92803888313	0.109723986449	1.27372773967e-05	14.5422900403
0.024607	6.95343823502e-06	-5.43602954044e-06	-0.00247449382728	0.000719960815903	-0.000517432088587	-0.205149972428	-0.27662468963	7.17174513566	0.114226890684	1.27111087969e-05	14.4436079194
0.025332	7.49074324612e-06	-5.81928714063e-06	-0.00262543971463	0.000762398149937	-0.00053992886679	-0.211291312955	-0.286514609512	7.4086216741	0.118695447679	1.27924377598e-05	14.4594871089
0.0260364	8.04312281496e-06	-6.20752611768e-06	-0.0027763774566	0.000805936511384	-0.00056237230242	-0.217256203627	-0.296201259389	7.63901799644	0.123128531113	1.28538378679e-05	14.4411271227
0.0267276	8.61570185771e-06	-6.60407421501e-06	-0.00292857775872	0.000850714617748	-0.000584965976046	-0.223107106122	-0.305779634818	7.86516738465	0.127555036986	1.28953878222e-05	14.3922753997
0.0273999	9.20286823513e-06	-7.00486691186e-06	-0.00308046725744	0.00089622311017	-0.0006074726753	-0.228794613727	-0.315160828967	8.08503189188	0.131928060791	1.29206921285e-05	14.3149654745
0.0280599	9.80978564072e-06	-7.41327220846e-06	-0.00323331394041	0.00094291679496	-0.000630116610352	-0.234376208893	-0.324442776255	8.30099785635	0.136292353351	1.30557243893e-05	14.3554357795
0.028708	1.04364006874e-05	-7.82903320023e-06	-0.00338699077094	0.000990753720258	-0.000652879665258	-0.239854912159	-0.33362011508	8.51294454633	0.140642831912	1.30533091062e-05	14.2301916672
0.0293502	1.10885924105e-05	-8.25576352596e-06	-0.00354278538693	0.00104014016682	-0.000675938195108	-0.245282083737	-0.342771845784	8.72269346438	0.145013227162	1.31582049999e-05	14.213368085
0.029981	1.17606367371e-05	-8.68944256777e-06	-0.00369919017416	0.00109062312451	-0.000699071377723	-0.250610175129	-0.351817713736	8.92844861849	0.149363204391	1.32536397181e-05	14.1786664691
0.0306007	1.24524060608e-05	-9.12980188403e-06	-0.00385609831481	0.00114219861098	-0.000722275043806	-0.255841751716	-0.360762118894	9.130362077	0.153692672201	1.34578333313e-05	14.2554716431
0.0312094	1.31637539081e-05	-9.57658071978e-06	-0.00401340988527	0.00119481693811	-0.000745542832026	-0.260979361372	-0.369604979172	9.32845115075	0.157998120211	1.35306649328e-05	14.2049586124
0.0318129	1.39010415004e-05	-1.00335516303e-05	-0.00417242750485	0.00124885506695	-0.000769045278079	-0.266069933001	-0.378416561644	9.52427261142	0.162310167269	1.35925617265e-05	14.1896304396
0.0324058	1.46578225026e-05	-1.04965134389e-05	-0.00433167114888	0.00130382041067	-0.00079255742167	-0.271070063807	-0.38711911749	9.71614070931	0.166589384201	1.36451467585e-05	14.1582989374
0.0329936	1.54407494881e-05	-1.0969333296e-05	-0.00449245566078	0.00136021281172	-0.00081628712023	-0.276024734631	-0.395792124751	9.9058809162	0.170874555207	1.38101917168e-05	14.2380206977
0.0335712	1.62430074101e-05	-1.1447705509e-05	-0.00465330485915	0.0014174883874	-0.000840006988351	-0.280892185641	-0.404352951848	10.091682004	0.175123477308	1.38453693284e-05	14.180210574
0.0341439	1.70715516873e-05	-1.19355940099e-05	-0.00481554229512	0.00147617082577	-0.000863924949272	-0.28571585719	-0.412876781386	10.2752454019	0.179374573182	1.40008713925e-05	14.2333695358
0.0347116	1.79266651671e-05	-1.24329095816e-05	-0.00497910734818	0.00153624945205	-0.000888033764844	-0.290496182769	-0.421362160931	10.4565544668	0.183627103418	1.40192065184e-05	14.1531563984
0.0352696	1.88009106247e-05	-1.29351668374e-05	-0.00514252069453	0.00159713162009	-0.000912105274917	-0.295193204489	-0.429730199125	10.6339052421	0.187838611759	1.41520980831e-05	14.1812341037
0.0358229	1.97017440983e-05	-1.3446500232e-05	-0.00530712438042	0.00165937690297	-0.000936362401718	-0.299848300693	-0.43805989326	10.8090623709	0.192048534378	1.42794064273e-05	14.1988714052
0.0363667	2.06213627793e-05	-1.39623426488e-05	-0.00547144810761	0.00172235758541	-0.000960556535849	-0.304423042389	-0.446269962259	10.9803003678	0.196214225528	1.42755991802e-05	14.1307630052
0.0369015	2.15594045371e-05	-1.44824379413e-05	-0.00563543539091	0.00178609000363	-0.000984694898894	-0.30891936371	-0.454365149889	11.1477855749	0.200337545127	1.43883636342e-05	14.2218243932
0.0374317	2.25236896794e-05	-1.50109963332e-05	-0.00580041835531	0.00185107706842	-0.00100896350582	-0.313376448226	-0.462412815774	11.3129461502	0.204452025275	1.43712908412e-05	14.1804435156
0.0379531	2.35059533785e-05	-1.55433720574e-05	-0.00596495585143	0.00191669921956	-0.00103312827842	-0.31775801896	-0.470338651752	11.4742633488	0.208518349745	1.43476860918e-05	14.1308824766
0.0384702	2.45142749286e-05	-1.60838339782e-05	-0.00613037793542	0.0019835319436	-0.0010574016977	-0.322101723165	-0.478214305129	11.6332668393	0.212573074434	1.44402816899e-05	14.1933847341
0.0389829	2.55487554627e-05	-1.66322595163e-05	-0.00629663914899	0.00205150863368	-0.0010817582254	-0.326408056481	-0.48603389861	11.7898372467	0.216612415321	1.44052491566e-05	14.128552126
0.0394872	2.66005531316e-05	-1.71838695334e-05	-0.00646230558831	0.00212002929268	-0.00110598393747	-0.330642111213	-0.493730162729	11.9426435267	0.220600758136	1.44858341684e-05	14.1745671004
0.0399873	2.76782084767e-05	-1.77430556127e-05	-0.00662871130792	0.00218968027637	-0.00113028724863	-0.33483997022	-0.501371998193	12.0931296238	0.224573480259	1.45618158925e-05	14.2137697494
0.0404833	2.8781762464e-05	-1.8309686006e-05	-0.00679581495037	0.0022603792999	-0.00115463857925	-0.3390021552	-0.508952108459	12.2411324992	0.228525758507	1.45104665754e-05	14.1275029484
0.0409752	2.9911224806e-05	-1.88836212624e-05	-0.00696357614496	0.00233210965744	-0.00117903048533	-0.343128983645	-0.516469394393	12.3866443147	0.232456396251	1.45752755167e-05	14.1524898059
0.041459	3.10569764834e-05	-1.94599085286e-05	-0.00713056716445	0.00240425848822	-0.00120325592462	-0.347187217444	-0.523863157236	12.5285285876	0.236333031675	1.46354649329e-05	14.1711590535
0.0419388	3.22281934306e-05	-2.00431031546e-05	-0.00729812852627	0.0024773928559	-0.00122750879151	-0.351211272358	-0.531193922934	12.6679763419	0.240186748939	1.46910251346e-05	14.1837085442
0.0424147	3.34248362358e-05	-2.06330618394e-05	-0.00746622349356	0.00255145393498	-0.00125177059395	-0.355201562902	-0.538457446245	12.8049071667	0.244014919257	1.46202360006e-05	14.0735169017
0.0428867	3.46468411557e-05	-2.12296370558e-05	-0.00763481619849	0.00262641776866	-0.00127603423062	-0.35915840579	-0.545653096452	12.9393427656	0.247817108883	1.46658710854e-05	14.0745728953
0.0433549	3.58941314473e-05	-2.1832681713e-05	-0.00780387159172	0.00270227073075	-0.00130030036511	-0.363082066802	-0.552781185378	13.071318086	0.251593308435	1.47112999835e-05	14.0710250728
0.043823	3.71772751339e-05	-2.24471301449e-05	-0.00797476366378	0.00277959107173	-0.0013247535736	-0.367005087062	-0.559896116968	13.2018159447	0.255371932415	1.47487112191e-05	14.0617008227
0.0442873	3.84858976035e-05	-2.30678467371e-05	-0.00814605709485	0.00285771076307	-0.00134917788151	-0.370895106231	-0.566936970952	13.329716259	0.259120247585	1.47821558918e-05	14.0470856946
0.0447477	3.98198571007e-05	-2.36946718744e-05	-0.00831771843989	0.00293662534261	-0.00137357009711	-0.374752367772	-0.573905042127	13.4550711235	0.262838368135	1.49348963356e-05	14.1441035072
0.0452044	4.1178999811e-05	-2.43274451625e-05	-0.00848971503234	0.00301629709819	-0.00139791981206	-0.378577188539	-0.580798616923	13.5778559819	0.266524773143	1.4960933672e-05	14.1194445011
0.045661	4.2574837619e-05	-2.49713705486e-05	-0.00866345804649	0.00309734655962	-0.00142241528022	-0.382401537264	-0.58767163072	13.699026608	0.270208175666	1.49828333763e-05	14.0903174608
0.0461138	4.39958983873e-05	-2.5621006759e-05	-0.00883747765107	0.00317907490105	-0.00144684319471	-0.386193589065	-0.594465467691	13.8175588904	0.273857204941	1.50010097426e-05	14.0566067816
0.0465629	4.54419658189e-05	-2.62761824816e-05	-0.00901174272745	0.00326146504902	-0.00147119874677	-0.389953609768	-0.601180052203	13.9334692808	0.277471456769	1.51412157415e-05	14.1360293596
0.0470119	4.69253283905e-05	-2.69423228194e-05	-0.00918769615683	0.00334518115164	-0.00149567773759	-0.393713227964	-0.60787004167	14.0477075215	0.281080245956	1.51521290873e-05	14.0932437609
0.0474572	4.84336258037e-05	-2.76137416528e-05	-0.00936383797204	0.00342945029523	-0.00152005052886	-0.397441003333	-0.61447427424	14.1592064143	0.284650361106	1.51590426439e-05	14.0464069449
0.0478987	4.99665842327e-05	-2.82902582649e-05	-0.00954013855694	0.0035142987949	-0.00154432585659	-0.401137094256	-0.62099651322	14.2680842965	0.288183806514	1.52922118706e-05	14.1142249
0.0483365	5.15239244565e-05	-2.8971695213e-05	-0.00971656900786	0.00359967230606	-0.0015684960442	-0.404801845748	-0.627434508323	14.374304918	0.291679295243	1.52920763452e-05	14.0884233787
0.0487707	5.31053434336e-05	-2.96578735449e-05	-0.00989310116536	0.00368551120277	-0.00159254801807	-0.408435620853	-0.633784879507	14.4778101139	0.295134976002	1.52880424556e-05	14.0794771201
0.0492048	5.47242844988e-05	-3.03545117094e-05	-0.0100712108756	0.00377252674983	-0.00161668175708	-0.412069218559	-0.640101451761	14.5795056409	0.298580449484	1.52829081918e-05	14.0677266212
0.0496353	5.63670427246e-05	-3.10556041954e-05	-0.0102493686882	0.00385991231758	-0.0016406726096	-0.415671971751	-0.646326621344	14.6784411458	0.301984090758	1.52721246389e-05	14.0530236675
0.0500621	5.80332569019e-05	-3.17609647046e-05	-0.0104275478748	0.0039476716991	-0.00166452159206	-0.419244084074	-0.652462316066	14.7746894396	0.305346665594	1.5388332372e-05	14.1561897688
										1.53707063929e-05	14.1370891824
