1
0.999999997868
0.999999752803
0.999995875522
0.999975534118
0.999928410162
0.999855495845
0.999753285822
0.99962060203
0.999460896678
0.999273444894
0.999059821463
0.998821813235
0.998554807354
0.998262633859
0.99794305678
0.997596747437
0.997220554549
0.996814608214
0.996379145235
0.99591449097
0.99541623934
0.994889151794
0.99432853339
0.993734224075
0.993100282968
0.992431953273
0.991729291646
0.990992416272
0.990214541478
0.989402293988
0.988548406521
0.98766021982
0.986729988512
0.985757226219
0.984750405701
0.983700985511
0.982618120393
0.981502472874
0.980344868461
0.979155361857
0.977924328551
0.97665169756
0.975348527101
0.974004444391
0.972619507375
0.971193822612
0.969739767264
0.968245949655
0.966712587472
0.965139937278
0.963528286711
0.96186410351
0.96016097164
0.958419294085
0.956639504139
0.954806704512
0.952936141771
0.951028357318
0.949067357279
0.947069700653
0.945036029762
0.942967007516
0.940863328894
0.938707377332
0.936517669877
0.934294989424
