0
-1.00809418674e-06
-1.24996517391e-05
-5.18564303036e-05
-0.000123563616758
-0.00020664945329
-0.000289680431187
-0.000375380021018
-0.000463129523287
-0.000550652533918
-0.000638897994591
-0.000727479011202
-0.000816096319904
-0.000906630338084
-0.000997856528907
-0.00109058399497
-0.00118465608132
-0.00128089795168
-0.00137919176317
-0.00147942549363
-0.00158149373529
-0.00168627905683
-0.00179271579957
-0.00190169759409
-0.00201316339341
-0.00212809138312
-0.0022454150591
-0.00236506702157
-0.0024869794117
-0.00261218569748
-0.00273954596059
-0.00287012767172
-0.00300275150248
-0.00313851743176
-0.0032774111972
-0.0034181866293
-0.00356199951905
-0.00370756946486
-0.00385481767517
-0.00400493150504
-0.00415659473253
-0.00431101852245
-0.00446817193734
-0.00462668724
-0.00478781973195
-0.0049515336578
-0.00511779050269
-0.00528515516331
-0.00545494206888
-0.00562710933883
-0.00580161347766
-0.00597841028948
-0.00615894553746
-0.00634171679
-0.00652667468186
-0.00671376899164
-0.0069045359474
-0.00709736866011
-0.00729221247487
-0.00749067710484
-0.00769107264032
-0.00789334060449
-0.00809742255662
-0.00830325881671
-0.00851255862241
-0.0087235193187
-0.00893607824759
