0
6.52973174783e-05
0.000703020407393
0.00287162833236
0.00699399012731
0.0119637722798
0.0169971619502
0.0222087050175
0.0275397441499
0.0328270131705
0.0381074026757
0.0433467866506
0.0485213292593
0.0537352280383
0.0589128010209
0.0640973170425
0.0692771686251
0.0744951332944
0.0797416746779
0.0850082951361
0.0902874606636
0.095622523084
0.100957227639
0.106335089375
0.111750790043
0.117248877163
0.122775307919
0.128325439989
0.133894905898
0.139528987421
0.145174362543
0.150876805146
0.156583120635
0.162339395955
0.168142646383
0.173939513833
0.179776759521
0.185601410028
0.191410647881
0.197250854007
0.203070185078
0.20891486962
0.214782441306
0.220621495884
0.226478297168
0.232350545917
0.238235948463
0.244083696549
0.249940041979
0.255802871101
0.261670102899
0.267539715404
0.273458431517
0.279375537883
0.285289080134
0.291197157311
0.29714724364
0.303088002179
0.309017616349
0.314984191831
0.320935865099
0.326870918905
0.332787701821
0.338684591081
0.344609918732
0.350511846046
0.356388859594
