0
1.0079384216e-06
1.24816175736e-05
5.15547903202e-05
0.000121766353031
0.000201369936201
0.000278994562378
0.000357094287312
0.000434950377457
0.000510533663424
0.000584730429734
0.000657263270542
0.0007279594498
0.00079834362633
0.000867472152404
0.000935976898357
0.00100374371213
0.00107134919987
0.00113867562124
0.00120561937419
0.00127209039491
0.00133862275179
0.00140450577529
0.00147026084912
0.00153580249318
0.00160163577846
0.00166708648939
0.00173207891554
0.00179654163706
0.00186096407714
0.00192470969035
0.00198826140874
0.00205100155173
0.00211340510669
0.00217540198383
0.00223640091707
0.00229686497646
0.00235622610924
0.00241444571905
0.00247196344682
0.00252825309979
0.00258373881969
0.00263836638891
0.00269164513863
0.00274397774098
0.00279531576229
0.00284561189536
0.00289442466811
0.00294212530456
0.00298867266669
0.00303402729557
0.00307815173594
0.0031213558282
0.00316323783607
0.00320376463631
0.00324290494742
0.0032809338976
0.00331749457642
0.00335256063258
0.0033863791333
0.00341862966547
0.00344929110451
0.00347834447195
0.00350577261995
0.00353176750874
0.00355608041517
0.00357869964967
