1
0.999999999997
0.999999999593
0.999999993146
0.99999995946
0.999999881824
0.999999761967
0.999999594013
0.999999375784
0.999999112613
0.999998802912
0.999998448876
0.999998053075
0.999997607408
0.999997117833
0.999996580173
0.999995995106
0.999995356828
0.999994665043
0.999993919639
0.999993120658
0.999992259949
0.999991345177
0.999990367621
0.99998932637
0.999988210295
0.999987027903
0.999985778628
0.999984462016
0.99998306518
0.99998159926
0.999980050363
0.999978431034
0.999976726362
0.999974934553
0.999973070423
0.999971117353
0.999969091597
0.999966993742
0.999964805749
0.999962545864
0.999960195028
0.999957752198
0.999955237861
0.999952631252
0.999949931585
0.999947138166
0.999944274544
0.999941317563
0.999938266776
0.999935121814
0.99993188238
0.999928520173
0.99992506156
0.999921506476
0.999917854928
0.999914075218
0.99991019769
0.999906222593
0.999902115444
0.999897909814
0.999893606191
0.999889205125
0.999884707253
0.999880073749
0.999875343308
0.999870516802
