0
1.57001707975e-06
1.92097148614e-05
7.5526869857e-05
0.000182889970682
0.000341311942152
0.000501249589483
0.000661790538767
0.000822830905932
0.000984670523802
0.00114589148943
0.00131011029774
0.00147417953915
0.00163959116455
0.0018079002673
0.00197652202786
0.00214708171112
0.00232123091824
0.00249466378
0.00266905418797
0.00284415558517
0.00301972115294
0.00319550928528
0.00337317403194
0.00355080904891
0.00373001873885
0.00390889309921
0.00408904141038
0.00427034100953
0.00445267327478
0.0046376613717
0.0048234795111
0.00501002394419
0.0051989349949
0.00539014809572
0.00558181988328
0.00577562690748
0.00597150760919
0.0061693988269
0.00636923822501
0.00657096366992
0.00677451299897
0.00697982429035
0.00718683545084
0.00739548465624
0.007607656951
0.00782137099162
0.00803656356884
0.00825519651161
0.00847520850165
0.00869862141535
0.00892330862206
0.00915135406366
0.00938056485735
0.00961308657101
0.00984666195661
0.0100812239847
0.0103167069657
0.0105530458189
0.0107901755326
0.0110280324041
0.0112665536066
0.0115056763428
0.0117476589168
0.0119901280572
0.0122330216084
0.012478655939
0.0127245984119
0.01297321707
0.0132220259321
0.0134734448813
0.0137249362234
0.0139789701344
0.0142329555355
0.0144894126182
0.0147456992173
0.0150043837818
0.0152654536184
0.0155261642234
0.0157891839909
0.0160544987324
0.0163220942227
0.0165890691949
0.0168582437659
0.0171296002138
0.0174031216063
0.0176757452589
0.0179504483685
0.0182241209581
0.0184997875102
0.0187742937286
0.01904758912
0.0193227313584
0.0195965414081
0.0198721184276
0.0201462378575
0.0204220394891
0.0206962636643
0.0209688686636
0.0212430150652
0.0215186815389
0.0217925336262
0.0220678248562
0.0223411874617
0.0226159113725
0.0228885971926
0.0231625718857
0.0234344083969
0.0237074618827
0.0239817053567
0.0242536188889
0.0245266497165
0.0248007765514
0.0250723933506
0.0253450350872
0.0256186802382
0.0258896357311
0.0261615253686
0.026434327742
0.0267042640359
0.0269750480816
0.0272466594453
0.0275190789997
0.0277883746562
0.0280584152431
0.0283291794541
0.0286006476752
0.0288687303971
0.0291374576368
0.0294068071757
0.0296767598525
0.0299430619271
0.0302099110981
0.0304772887343
0.0307451769706
0.0310135570031
0.0312824101391
0.0315471457824
0.0318123027612
0.0320778643613
0.0323438151311
0.032605375466
0.032867279765
0.033129512792
0.0333871893744
0.0336451506389
0.0339033809651
0.0341618677811
0.0344155182339
0.0346693858294
0.0349234557433
0.035177715812
0.0354321536262
0.0356813335535
0.0359306589314
0.0361801175067
0.0364296980617
0.0366793897605
0.0369291813463
0.0371731054462
0.0374171013574
0.0376611585577
0.0379052671722
0.0381494169973
0.0383935978654
0.0386378000178
0.0388752273499
0.0391126611088
0.0393500911709
0.0395875091017
0.0398249077512
0.0400622786407
0.0402996145
0.0405369081156
0.0407741504588
0.0410113330747
0.0412396624856
0.0414679240671
0.041696112528
0.0419242231264
0.0421522499323
0.0423801870328
0.0426080290956
0.0428357708721
0.0430634073144
0.0432909332996
0.0435183439612
0.0437456345913
0.0439585976846
0.0441714457297
0.0443841756171
0.0445967857987
0.0448092729941
0.0450216337567
0.0452338650724
0.0454459637142
0.0456579267742
0.045869751441
0.0460814350831
0.0462929755108
0.0465043704924
0.0467156173691
0.0469267140788
0.0471376588593
0.047343634554
0.0475489365444
0.0477535668921
0.0479575269803
0.0481608181688
0.0483634417967
0.0485648851032
0.048765666677
0.0489657879124
0.0491652503306
0.0493640556111
0.0495622054319
0.0497597013556
0.0499565452428
0.0501527391523
0.0503482850376
0.0505431848595
0.0507374406867
0.0509310544986
0.0511240284751
0.0513163650246
0.0515080660473
0.0516996208432
0.0518905411357
0.0520808291896
0.0522704870604
0.0524595170791
0.052647921638
0.0528357031623
0.053022864292
0.0532094075188
0.0533953351968
0.0535806498404
0.0537653539949
0.0539494487909
0.0541334050052
0.0543167545225
0.0544995011485
0.0546816473605
0.0548631959327
0.0550441497525
0.0552245116241
0.0554047452449
0.0555843894253
0.0557634469675
0.0559419207288
0.0561202707944
0.0562980396252
0.0564752300172
0.0566518447642
0.0568283404604
0.0570042634001
0.0571796164079
0.0573544022383
0.0575290739432
0.0577031814738
0.057876727588
0.0580501630625
0.0582230398296
0.0583953607418
0.0585671285065
0.0587387907342
0.0589099027565
0.0590804672476
0.0592509295588
0.0594208466732
0.0595902210678
0.059759496075
0.0599282307837
0.0600964279181
0.0602645291089
0.0604320953552
0.0605995675338
0.0607665071195
0.0609329169644
0.0610992364404
0.0612650289556
0.0614307331888
0.0615959130296
0.0617610065281
0.0619255777004
0.0620900646167
0.0622540331555
0.0624174867351
0.0625808618917
0.0627437255774
0.0629065125495
0.0630687885215
0.0632309874478
0.0633926764893
0.0635542906661
0.0637153977552
0.0638764319938
0.0640369612277
0.064197419023
0.064357373995
0.0645172596093
0.0646766443154
0.0648359610892
0.0649952108379
0.0651539617613
0.0653126476041
0.0654708369607
0.065628963087
0.0657865948816
0.0659441652363
0.066101243571
0.0662582625544
0.0664147917014
0.0665712633694
0.0667276782635
0.0668836052529
0.0670394773082
0.0671948635218
0.0673501952555
0.067505473967
0.0676602721482
0.0678150242608
0.0679692982064
0.0681235274639
0.068277281083
0.068430991974
0.0685846609904
0.068737856293
0.0688910113379
0.0690436937795
0.0691963366212
0.0693485080064
0.0695006408591
0.0696527356687
0.0698043598467
0.069955947385
0.0701070660092
0.0702581496914
0.0704087662206
0.0705593492243
0.0707094670663
0.070859553499
0.0710096094873
0.0711592024072
0.0713087668546
0.0714578704063
0.0716069477411
0.0717555665359
0.0719041611343
0.0720527325238
0.0722008473493
0.0723489410534
0.0724965804021
0.0726442006397
0.0727918027841
0.072938952652
0.0730860863252
0.0732332050586
0.0733798747259
0.0735265333932
0.0736731818958
0.0738193836156
0.0739655773918
0.0741113265385
0.074257069695
0.074402807806
0.0745481028671
0.0746933947734
0.074838245598
0.0749830952934
0.0751279447232
0.0752723542889
0.0754167647285
0.0755611765117
0.0757051485504
0.0758491229976
0.0759926587882
0.076136198149
0.0762797416403
0.0764228467758
0.0765659571256
0.0767086301751
0.0768513095719
0.0769939959125
0.0771362452736
0.0772785027458
0.07742076895
0.0775625985068
0.0777044379595
0.0778458418379
0.0779872567689
0.0781286833999
0.0782696747908
0.0784106790835
0.0785516969231
0.0786922798306
0.0788328775013
0.0789730413181
0.079113221095
0.0792534175147
0.0793931803744
0.0795329610103
0.0796727600372
0.0798121256196
0.0799515107486
0.0800909161695
0.0802298885342
0.0803688824627
0.080507444187
0.0806460284951
0.0807846360164
0.0809228114032
0.0810610112108
0.0811992360877
0.0813370289039
0.0814748479721
0.0816126940171
0.0817501081436
0.0818875504045
0.0820250214781
0.0821620606702
0.0822991299144
0.0824362297925
0.0825728975783
0.0827095970551
0.0828463289427
0.0829826287182
0.08311896204
0.0832553295927
0.0833912649131
0.0835272355876
0.083663242277
0.0837992856574
0.0839348955075
0.0840705431275
0.0842062291969
0.084341481461
0.0844767732529
0.084612105239
0.0847470030525
0.0848819421021
0.0850169230926
0.0851514695682
0.0852860590424
0.0854206921674
0.0855553696053
0.0856896108498
0.0858238974654
0.0859582301347
0.0860921261298
0.0862260692395
0.0863600601487
0.0864936138305
0.0866272162935
0.0867608681807
0.0868945700703
0.0870278325865
0.0871611461079
0.0872945113827
0.0874274367179
0.0875604147797
0.08769344625
0.0878265318052
0.0879591752618
0.0880918737281
0.0882246278715
0.088356939023
0.0884893067797
0.0886217318292
0.0887542148848
0.0888862525967
0.0890183492257
0.0891505054636
0.0892822153394
0.0894139857036
0.089545817217
0.0896777105622
0.0898091542331
0.0899406593929
0.0900722274518
0.0902038598145
0.0903350405797
0.0904662861932
0.0905975972972
0.0907284555169
0.0908593805848
0.0909903730244
0.0911214333802
0.091252037771
0.0913827109583
0.0915134536177
0.0916442664436
0.0917746200632
0.0919050444906
0.0920355404361
0.092165575582
0.0922956830383
0.0924258634774
0.0925561175751
0.0926859073299
0.092815771456
0.0929457106403
0.093075725567
0.0932052724473
0.0933348957181
0.0934645960335
0.0935943740577
0.0937236801011
0.0938530645366
0.0939825280202
0.0941115174678
0.0942405865849
0.0943697360384
0.0944989664989
0.0946277186918
0.0947565524995
0.0948854685841
0.0950144676154
0.0951429839589
0.095271583822
0.0954002678339
0.0955284667295
0.0956567503694
0.0957851194157
0.0959135745047
0.0960415396939
0.0961695914295
0.0962977303506
0.0964259570647
0.0965536887622
0.0966815087251
0.09680941763
0.096937416122
0.0970649143933
0.0971925026971
0.0973201816513
0.0974479518741
0.0975752163516
0.0977025725446
0.0978300210716
0.0979575625465
0.0980845925069
0.0982117157945
0.0983389330292
0.0984662448408
0.0985930391392
0.0987199283499
0.0988469130452
0.0989739938594
0.0991005508706
0.0992272043298
0.0993539548373
0.0994808030104
0.0996077494667
0.09973416254
0.0998606741491
0.099987284905
0.100113995419
0.100240165622
0.100366435796
0.100492806548
0.100619278483
0.100745852206
0.100871875116
0.100997999968
0.101124227359
0.101250557885
0.101376992153
0.10150286452
0.101628840726
0.10175492137
0.101881107048
0.102007398348
0.102133116033
0.102258939364
0.10238486891
0.102510905242
0.102637048947
0.102763300611
0.102888962422
0.103014732193
0.103140610518
0.103266597977
0.103392695147
0.103518189272
0.10364379301
0.10376950694
0.103895331628
0.104021267636
0.104147315577
0.104272742306
0.104398280941
0.104523932042
0.104649696183
0.104775574016
0.104901566195
0.105026917869
0.105152383726
0.105277964374
0.105403660397
0.105529472364
0.105655400883
0.105781446582
0.105906826027
0.106032322227
0.106157935779
0.106283667375
0.106409517651
0.106535487195
0.106661576583
0.106786971704
0.10691248617
0.10703812057
0.107163875477
0.107289751514
0.107415749345
0.107541869607
0.107667265248
0.107792782907
0.107918423191
0.10804418664
0.108170073792
0.108296085301
0.108422221775
0.108548483751
0.108674871861
0.108800489079
0.108926231932
0.109052100979
0.109178096827
0.109304220048
0.109430471166
0.109556850804
0.109682422013
0.109808120996
0.109933948328
0.1100599046
0.110185990402
0.110312206224
0.110438552455
0.110565029677
0.110690648934
0.110816398364
0.110942278487
0.111068289884
0.111194433092
0.111320708648
0.111447117106
0.111573659008
0.111699287488
0.111825048426
0.111950942336
0.112076969719
0.112203131112
0.112329427005
0.112455857927
0.112582424397
0.112709126817
0.112835965665
0.112961807249
0.113087784013
0.113213896352
0.11334014468
0.113466529499
0.113593051343
0.113719710753
0.113846508277
0.113973444404
0.114100519597
0.114226498542
0.114352614954
0.114478869487
0.11460526235
0.114731793468
0.114858462885
0.114985270773
0.115112217336
0.115239302792
0.115366527399
0.115493891441
0.115621395214
0.115747650773
0.115874043562
0.116000573837
0.116127241857
0.116254047906
0.116380992266
0.116508075206
0.116635296996
0.116762657899
0.116890158177
0.117017798103
0.117145577952
0.117273497987
0.117399956813
0.117526552854
0.117653286362
0.117780157592
0.117907166794
0.118034314224
0.118161600125
0.118289024736
0.11841658832
0.118544291128
0.118672133389
0.118800115338
0.118928237216
0.119056499265
0.119184901724
0.119313444837
0.119442128841
0.119568939937
0.119695888008
0.119822973271
0.119950195958
0.120077556292
0.120205054479
0.120332690721
0.120460465202
0.120588378104
0.120716429645
0.120844620044
0.120972949502
0.121101418224
0.121230026412
0.121358774281
0.121487662038
0.121616689868
0.121745857958
0.121875166497
0.122004615672
0.122134205674
0.122263936689
0.122393808913
0.122523822549
0.12265080146
0.122777915262
0.122905164133
0.123032548303
0.12316006793
0.12328772316
0.123415514148
0.123543441049
0.123671504018
0.123799703205
0.123928038759
0.124056510846
0.124185119613
0.12431386518
0.124442747684
0.124571767276
0.124700924092
0.124830218273
0.124959649954
0.125089219247
0.125218926262
0.125348771137
0.12547875401
0.125608875011
0.125739134269
0.125869531908
0.126000068055
0.126130742831
0.126261556345
0.126392508702
0.12652360001
0.126654830383
0.126786199932
0.126917708768
0.127049356994
0.127181144701
0.127313072009
0.127445139059
0.127577345957
0.127709692797
0.127842179676
0.127972048018
0.128102050796
0.128232019857
0.128362123187
0.12849219227
0.12862222689
0.128752395334
0.128882528794
0.129012795952
0.129143027747
0.129273393072
0.129403722334
0.129534184804
0.129664610616
0.129794999541
0.129925521177
0.130056005373
0.130186622043
0.130317200678
0.13044791158
0.13057858392
0.130709217424
0.130839982632
0.130970708404
0.131101565627
0.131232382747
0.131363331023
0.131494238643
0.131625277157
0.131756274361
0.131887402217
0.132018488192
0.132149532017
0.132280705939
0.132411838407
0.132543103063
0.132674325315
0.132805676904
0.132936984498
0.133068421412
0.133199813728
0.133331334951
0.133462810853
0.133594415335
0.133725973829
0.133857660587
0.133989300726
0.134121068833
0.134252789674
0.134384463083
0.134516263452
0.134648014986
0.134779893837
0.134911724513
0.135043682095
0.13517559018
0.135307624605
0.135439608882
0.135571719269
0.135703778912
0.135835964363
0.135968098417
0.136100357923
0.136232565324
0.136364897851
0.136497177578
0.136629582048
0.136761933061
0.136894408491
0.137026829898
0.137159375648
0.137291866751
0.137424481636
0.137557041048
0.137689723868
0.137822350446
0.13795509918
0.13808778988
0.138220603345
0.138353359855
0.138486238909
0.138619059868
0.138752002932
0.138884887163
0.139017893068
0.139150839395
0.139283906978
0.139416914291
0.139550042624
0.13968311007
0.139816298087
