0
-4.28864318019e-05
-0.000526706772847
-0.00206457421544
-0.00497557976134
-0.0092466629754
-0.0135398201978
-0.0178300776887
-0.0221156468336
-0.0264048078262
-0.0306605315379
-0.0349782482936
-0.0392751385057
-0.0435903201058
-0.0479639244599
-0.0523285592335
-0.0567261166094
-0.0611984711767
-0.0656348831257
-0.0700782484112
-0.0745221848383
-0.0789604081154
-0.0833868266841
-0.0878428774797
-0.0922807051155
-0.0967402054885
-0.101173802752
-0.105621342246
-0.110079566058
-0.114545358456
-0.11905802426
-0.123572680728
-0.12808670939
-0.132639445187
-0.137228781697
-0.141810246637
-0.146423635917
-0.15106701072
-0.155738421427
-0.160435967084
-0.165157778704
-0.169902013447
-0.174666861741
-0.179450536311
-0.184251282926
-0.18911183417
-0.193986261816
-0.198872849804
-0.203815545467
-0.208767251707
-0.21377288856
-0.218784335305
-0.223847504015
-0.228913254245
-0.234028470151
-0.239143080418
-0.244255499461
-0.249364195698
-0.254467675756
-0.259564470667
-0.264653163969
-0.26973237811
-0.274800758586
-0.279905784153
-0.284997121142
-0.290073503506
-0.295182994632
-0.300274769703
-0.30539753988
-0.310499886793
-0.315631135891
-0.320739317917
-0.325874326078
-0.330983636619
-0.336117707056
-0.341223527322
-0.34635204404
-0.351502467212
-0.356620568134
-0.361758536774
-0.366915577851
-0.372090903736
-0.377228368729
-0.382382092355
-0.387551250934
-0.392735047574
-0.397875463544
-0.403028535454
-0.408135969812
-0.413254145809
-0.418324573268
-0.423346782824
-0.428376934866
-0.433357022525
-0.438343402766
-0.443277845946
-0.448216887458
-0.453102310871
-0.457933909159
-0.462767747368
-0.467603136257
-0.472381784883
-0.477160544004
-0.48188116442
-0.486600555933
-0.491260546534
-0.495918117506
-0.500515272451
-0.505108885329
-0.509698228006
-0.51422466306
-0.518745745844
-0.523260896538
-0.527711021515
-0.532154223792
-0.536589938545
-0.540958628543
-0.545318930898
-0.549670306641
-0.553952841021
-0.558225693757
-0.562488364936
-0.566740388751
-0.5709207804
-0.575089859282
-0.579247124182
-0.583392120484
-0.587462838265
-0.591520777724
-0.595565449984
-0.599596438791
-0.60355069581
-0.607490892632
-0.611416633509
-0.615327542886
-0.619223229775
-0.623103309582
-0.626902050878
-0.630684980803
-0.634451765286
-0.638202097104
-0.641869123763
-0.645519653156
-0.649153389678
-0.65270320253
-0.656236228831
-0.659752176626
-0.663250819399
-0.666663834311
-0.670059688473
-0.673438116094
-0.676798901714
-0.680141825348
-0.683396117819
-0.686632878723
-0.689851907034
-0.693053021336
-0.696236046609
-0.699400800188
-0.702472384729
-0.705526179304
-0.708562019885
-0.711579756478
-0.714579233763
-0.717560298362
-0.720522806848
-0.723385139914
-0.726229745125
-0.729056464627
-0.731865176084
-0.734655784749
-0.737428173384
-0.740182252056
-0.742917937275
-0.74563511012
-0.748333656545
-0.750914572721
-0.753478062443
-0.756024068532
-0.758552546287
-0.761063430296
-0.763556655905
-0.766032169817
-0.768489921015
-0.77092986305
-0.773351949341
-0.775756147761
-0.778142432199
-0.780363259626
-0.782568235827
-0.784757342387
-0.786930592293
-0.789087968169
-0.791229449236
-0.793355023526
-0.795464675892
-0.797558396791
-0.799636179068
-0.801698019316
-0.803743922221
-0.805773891924
-0.807787925758
-0.809786031387
-0.811768221368
-0.813689770821
-0.815591303422
-0.817472982383
-0.819334958081
-0.821177378822
-0.823000391295
-0.824799568566
-0.826579724574
-0.828341005719
-0.830083559385
-0.831807534902
-0.833513080693
-0.835200342176
-0.836869469223
-0.838520614498
-0.840153927809
-0.841769558285
-0.84336765663
-0.844948371506
-0.846511854649
-0.848058262924
-0.849587746122
-0.851104295748
-0.852604141327
-0.854087437138
-0.855554332743
-0.857004982635
-0.858439541269
-0.859858160405
-0.861260994353
-0.862648195386
-0.86401991302
-0.865376298492
-0.866717502581
-0.868043652202
-0.869358219655
-0.870657968422
-0.871943066745
-0.873213659313
-0.874469894767
-0.875711922895
-0.876939891529
-0.878157046069
-0.879360362687
-0.880549987612
-0.881726066921
-0.882891720117
-0.884044045473
-0.885183185604
-0.886309282303
-0.887425334539
-0.888528563129
-0.889619108104
-0.890697107274
-0.891765440742
-0.892821444848
-0.893865255866
-0.89489966823
-0.895922096594
-0.896932675485
-0.89793153661
-0.898921365943
-0.899899683465
-0.900866619409
-0.901824780096
-0.902771756743
-0.903707673219
-0.904635057126
-0.905551574026
-0.906457349942
-0.907354841901
-0.908241784302
-0.909120585709
-0.909989022902
-0.910847219805
-0.911697520465
-0.912537769351
-0.913370264417
-0.914192890887
-0.915007903288
-0.915813221639
-0.916611066959
-0.917399419654
-0.918178405074
-0.918950181165
-0.919712777465
-0.920468291439
-0.921214764654
-0.921954250532
-0.922684843723
-0.923408582541
-0.924123600561
-0.924831892224
-0.925531620992
-0.92622474028
-0.926909454687
-0.927587685406
-0.928257662424
-0.92892126932
-0.929578551305
-0.930227790159
-0.930870823879
-0.931505967353
-0.93213502163
-0.932756333546
-0.933371669938
-0.933979410942
-0.934581290347
-0.935175718685
-0.935764399895
-0.936347372787
-0.936923089416
-0.9374932072
-0.938056207598
-0.938613694592
-0.939165715643
-0.93971085558
-0.940250713724
-0.940783830137
-0.941311761355
-0.94183308787
-0.94234933083
-0.94286052628
-0.943365291708
-0.943865104328
-0.944358598328
-0.944847218703
-0.945329630352
-0.94580725252
-0.946280114107
-0.946746918875
-0.947209051092
-0.947665242153
-0.948116851275
-0.948562631765
-0.949003913174
-0.949439480282
-0.949870639469
-0.950297421555
-0.950718642347
-0.951135570112
-0.95154704593
-0.951954317034
-0.952356247868
-0.952754058114
-0.9531477783
-0.953536305122
-0.953920825749
-0.954300260092
-0.954675769993
-0.955047385177
-0.955414058384
-0.955776915397
-0.956135989701
-0.956490283881
-0.956840906176
-0.957187882907
-0.957530224841
-0.95786900242
-0.95820324497
-0.958533998542
-0.958861289975
-0.959184175542
-0.959503671934
-0.959818856116
-0.960130725638
-0.960439307635
-0.960743705909
-0.961044888448
-0.961342880516
-0.96163681155
-0.961927623524
-0.962214464855
-0.962498258562
-0.962779030191
-0.963055952196
-0.963329920228
-0.963600124027
-0.963867440722
-0.964131894355
-0.964392698207
-0.96465070419
-0.964905935941
-0.965157629713
-0.965406612547
-0.965652136553
-0.96589501136
-0.966135259621
-0.966372155923
-0.966606486433
-0.96683827297
-0.967066811402
-0.967292865041
-0.967515744286
-0.967736196532
-0.967954243211
-0.968169215255
-0.968381836953
-0.968592127876
-0.968799438687
-0.969004472837
-0.96920725123
-0.969407146043
-0.969604839122
-0.969799711868
-0.96999243192
-0.970183017293
-0.970370870141
-0.970556639061
-0.97074034159
-0.970921397307
-0.97110043574
-0.971277475174
-0.97145195301
-0.971624479182
-0.971795070573
-0.971963181968
-0.972129405942
-0.972293757232
-0.972455704378
-0.972615821962
-0.97277412655
-0.972930104739
-0.973084313439
-0.973236767978
-0.973386970474
-0.973535460748
-0.973682253319
-0.973827362764
-0.973970310116
-0.97411161441
-0.974251289741
-0.974388871951
-0.974524864002
-0.974659279244
-0.974791667379
-0.97492251586
-0.975051838205
-0.975179198621
-0.975305069152
-0.975429461823
-0.975552388645
-0.975673430952
-0.975793042906
-0.975911236615
-0.97602760665
-0.976142592794
-0.976256206765
-0.976368055623
-0.976478564536
-0.976587744133
-0.976695603576
-0.976801764697
-0.976906637453
-0.977010233983
-0.977112189654
-0.977212899576
-0.977312374147
-0.977410623542
-0.977507298192
-0.977602776831
-0.977697068995
-0.977789836639
-0.97788144605
-0.97797190722
-0.978061230349
-0.978149091612
-0.978235842078
-0.978321491379
-0.978405726783
-0.97848888715
-0.978570981003
-0.978652017207
-0.978731682964
-0.978810291448
-0.978887868133
-0.978964438392
-0.979039715555
-0.979114003736
-0.979187310173
-0.979259365988
-0.979330475093
-0.979400641006
-0.97946986808
-0.979537893928
-0.979605005014
-0.979671208296
-0.979736511204
-0.979800660605
-0.979863927697
-0.979926320365
-0.97998759734
-0.980048021512
-0.980107599559
-0.980166338319
-0.980224006762
-0.980280855889
-0.980336892772
-0.980392124189
-0.980446329816
-0.980499748111
-0.980552384834
-0.980604245672
-0.980655121897
-0.980705240893
-0.98075460828
-0.980803023415
-0.980850704376
-0.980897657094
-0.980943887704
-0.980989206351
-0.981033820091
-0.981077734467
-0.981120955034
-0.981163302115
-0.981204971694
-0.98124596822
-0.981286120128
-0.981325616654
-0.981364463158
-0.981402664076
-0.98144005697
-0.981476819257
-0.981512955347
-0.981548468602
-0.981583205482
-0.981617334519
-0.981650861519
-0.981683790995
-0.981715979604
-0.981747585013
-0.981778610384
-0.981809058593
-0.981838796666
-0.981867973697
-0.981896593514
-0.981924659826
-0.981952048308
-0.981978897867
-0.98200521238
-0.982030995925
-0.982056133259
-0.982080753195
-0.982104857068
-0.982128449407
-0.982151424959
-0.982173902929
-0.982195885795
-0.982217377152
-0.98223838068
-0.98225879894
-0.982278741002
-0.982298210199
-0.982317209556
-0.982335649816
-0.982353631576
-0.982371158228
-0.98238823304
-0.982404859229
-0.982420957636
-0.982436618153
-0.982451843713
-0.982466637357
-0.98248100321
-0.98249487313
-0.982508326061
-0.982521363677
-0.98253398841
-0.982546203335
-0.98255794926
-0.982569295725
-0.982580245698
-0.98259080143
-0.982600964866
-0.98261073916
-0.982620076131
-0.982629033148
-0.982637612664
-0.982645816616
-0.982653648468
-0.982661071119
-0.982668131656
-0.982674831547
-0.982681173562
-0.982687160957
-0.982692795852
-0.98269804915
-0.982702958271
-0.982707528586
-0.982711761414
-0.982715656827
-0.982719216246
-0.982722423527
-0.982725303617
-0.982727857913
-0.982730087906
-0.982731996812
-0.982733586819
-0.982734858622
-0.98273580963
-0.982736452167
-0.982736786907
-0.982736813651
-0.982736534798
-0.982735952845
-0.98273506956
-0.982733896172
-0.982732429985
-0.982730672573
-0.982728626482
-0.98272629337
-0.982723674118
-0.982720769965
-0.982717605256
-0.982714163631
-0.98271044621
-0.982706455218
-0.982702193
-0.98269766055
-0.982692859878
-0.982687793136
-0.982682461081
-0.982676904802
-0.982671089425
-0.982665017734
-0.982658690822
-0.982652109187
-0.982645274991
-0.982638189787
-0.982630909895
-0.982623386205
-0.982615620152
-0.982607612599
-0.982599364069
-0.982590876692
-0.982582153904
-0.982573196105
-0.982564076506
-0.982554728384
-0.982545152658
-0.982535349538
-0.982525320884
-0.982515068116
-0.982504591738
-0.982493893894
-0.982483067072
-0.982472023512
-0.982460765259
-0.982449294367
-0.982437611406
-0.982425717678
-0.982413613777
-0.9824013005
-0.982388780957
-0.982376057144
-0.982363243885
-0.982350228176
-0.98233701316
-0.982323601953
-0.982309995749
-0.982296195103
-0.982282199974
-0.98226801017
-0.982253627037
-0.982239052521
-0.982224432358
-0.982209624662
-0.982194626312
-0.982179438909
-0.98216406783
-0.982148516592
-0.982132786622
-0.982116879147
-0.982100795296
-0.982084535689
-0.982068100608
-0.982051490342
-0.982034888936
-0.982018117628
-0.982001177362
-0.981984069003
-0.981966792939
-0.981949349637
-0.981931739826
-0.981913964251
-0.981896023786
-0.981877919342
-0.981859651612
-0.98184122128
-0.981822629193
-0.981804111546
-0.981785437783
-0.981766608711
-0.981747625045
-0.981728487548
-0.981709196879
-0.981689753898
-0.98167015952
-0.98165041431
-0.981630518989
-0.981610474551
-0.981590281896
-0.981569941802
-0.981549455039
-0.981528822347
-0.981508044487
-0.981487122241
-0.981466386546
-0.981445512436
-0.981424500761
-0.981403352063
-0.981382066964
-0.981360646303
-0.98133909094
-0.981317401895
-0.981295580149
-0.981273626296
-0.981251540905
-0.9812293247
-0.981206978386
-0.981184502648
-0.98116189802
-0.981139165056
-0.98111630459
-0.981093317458
-0.981070204399
-0.981046966147
-0.981023603376
-0.981000116764
-0.980976506883
-0.9809527742
-0.980929502669
-0.980906116052
-0.980882614873
-0.980858999071
-0.980835269261
-0.980811426197
-0.980787470499
-0.980763402823
-0.980739223738
-0.980714933882
-0.980690533848
-0.980666024059
-0.980641405088
-0.980616677789
-0.980591842809
-0.980566900652
-0.980541851908
-0.980516697133
-0.980491436899
-0.980466071984
-0.980440603136
-0.98041503085
-0.980389355596
-0.980363577882
-0.980337698207
-0.9803117171
-0.980285635054
-0.980259452579
-0.980233170248
-0.980206788658
-0.980180308404
-0.980153730021
-0.980127054038
-0.98010028096
-0.980073411402
-0.980046446106
-0.98001938543
-0.97999222956
-0.979964978945
-0.979937634135
-0.979910195622
-0.979883237096
-0.979856189827
-0.979829089506
-0.979801901547
-0.979774661862
-0.979747371124
-0.979719994375
-0.979692567691
-0.97966505549
-0.979637493285
-0.97960984634
-0.979582151796
-0.979554374389
-0.979526550952
-0.979498682114
-0.979470732049
-0.979442737659
-0.979414663073
-0.979386545467
-0.979358348408
-0.979330109054
-0.979301828239
-0.979273469708
-0.979245070972
-0.979216595514
-0.979188081483
-0.979159491882
-0.979130864474
-0.979102162469
-0.979073424097
-0.979044611804
-0.979015763848
-0.978986880898
-0.978957925157
-0.978928925593
-0.978899836251
-0.97887070634
-0.978841506372
-0.978812274023
-0.978782970839
-0.978753636576
-0.978724233207
-0.978694799965
-0.978665298335
-0.978635767902
-0.978606169928
-0.978576543994
-0.978546851171
-0.978517131266
-0.978487384123
-0.978457573775
-0.978427742027
-0.978397842967
-0.978367914286
-0.978337919537
-0.978307900495
-0.978277817754
-0.978247711573
-0.978217541792
-0.978187349006
-0.978157093107
-0.978126814904
-0.97809647439
-0.978066112618
-0.978035689071
-0.978005245144
-0.977974740282
-0.977944215657
-0.977913630552
-0.977883025628
-0.977852358967
-0.977821672789
-0.977790926768
-0.977760162848
-0.977729339803
-0.977698500105
-0.977667607468
-0.977636705876
-0.977605745964
-0.977574766709
-0.9775437286
-0.977512674432
-0.977481562357
-0.977450435175
-0.977419251008
-0.977388052671
-0.977356798127
-0.977325529993
-0.977294205307
-0.977262867103
-0.977231473202
