0
-2.38544239989e-06
-2.5648007238e-05
-0.000104966886762
-0.000256539893805
-0.000440054118796
-0.000626220029137
-0.000819184192627
-0.0010168300615
-0.001213076502
-0.00140924967083
-0.00160406356207
-0.0017966171862
-0.00199077868135
-0.0021837143183
-0.00237702957905
-0.0025702842741
-0.00276507180516
-0.00296103271259
-0.00315784489071
-0.00335522206169
-0.00355478614082
-0.00375442959675
-0.00395578201119
-0.0041586438945
-0.00436468754038
-0.00457188559403
-0.00478006277367
-0.00498905400498
-0.00520056149806
-0.00541258059266
-0.00562683245504
-0.00584131405361
-0.00605775880307
-0.00627605308338
-0.00649418416506
-0.00671391231641
-0.00693323727996
-0.00715204914092
-0.00737209518731
-0.00759141556818
-0.00781175262397
-0.00803301060847
-0.00825324414501
-0.00847419812084
-0.00869578276227
-0.00891790860672
-0.00913865098539
-0.00935975621681
-0.0095811417982
-0.00980272636624
-0.0100244306472
-0.0102480210026
-0.0104715754744
-0.0106950177554
-0.0109182737372
-0.0111431397706
-0.0113676696339
-0.0115917926691
-0.0118173299525
-0.0120423150409
-0.012266681414
-0.0124903651952
-0.0127133038617
-0.0129373283984
-0.0131604732559
-0.0133826804034
