1
0.999999997865
0.999999752552
0.999995871342
0.999975508624
0.999928333607
0.999855338665
0.999753013981
0.999620179489
0.999460290896
0.999272622259
0.999058749942
0.998820462689
0.998553142022
0.998260622312
0.997940664748
0.997593941259
0.997217296572
0.996810860704
0.996374870514
0.995909651536
0.995410792059
0.994883059084
0.994321751633
0.993726709145
0.993091983036
0.99242282265
0.991719284378
0.990981486209
0.990202633557
0.989389361084
0.988534391904
0.987645075659
0.986713656675
0.98573964746
0.984731531225
0.983680755055
0.982596485108
0.981479384399
0.980320266001
0.979129197362
0.977896540846
0.976622224846
0.975317321816
0.973971444691
0.972584650958
0.971157046771
0.969701025557
0.968205179746
0.966669726775
0.965094923004
0.963481055912
0.961814573891
0.960109079033
0.958364974306
0.956582693033
0.95474731628
0.952874111387
0.950963619929
0.948999824515
0.94699930706
0.944962710209
0.942890697229
0.940783963513
0.938624866053
0.936431948218
0.934205993461
