0.00120482
0.00265769
0.00439595
0.00647429
0.00887239
0.0113353
0.0132628
0.0148993
0.0163417
0.0176489
0.0188424
0.0199696
0.0210226
0.0220223
0.022985
0.0239018
0.0247867
0.0256512
0.0264773
0.0272765
0.0280501
0.0287996
0.0295262
0.030238
0.0309287
0.0316059
0.0322635
0.0329086
0.0335416
0.0341627
0.034778
0.0353819
0.0359747
0.0365621
0.0371441
0.0377155
0.0382817
0.0388428
0.0393988
0.0399497
0.0404956
0.0410366
0.0415726
0.0421038
0.0426301
0.0431564
0.0436779
0.0441946
0.0447114
0.0452233
0.0457352
0.0462424
0.0467495
0.0472519
0.0477542
0.0482518
0.0487447
0.0492328
0.0497163
0.0501952
0.0506695
0.0511393
0.0516047
0.05207
0.0525309
0.0529873
0.0534438
0.0538958
0.0543478
0.0547953
0.0552429
0.055686
0.0561292
0.0565679
0.0570066
0.0574409
0.0578751
0.0583094
0.0587392
0.059169
0.0595988
0.0600286
0.0604539
0.0608791
0.0613043
0.0617295
0.0621501
0.0625706
0.0629865
0.0634024
0.0638136
0.0642202
0.0646268
0.0650288
0.0654307
0.0658281
0.0662254
0.0666182
0.0670063
0.0673945
0.0677826
0.0681662
0.0685497
0.0689286
0.0693076
0.0696819
0.0700562
0.0704258
0.0707955
0.0711652
0.0715302
0.0718952
0.0722602
0.0726204
0.0729807
0.0733409
0.0736964
0.0740519
0.0744073
0.0747579
0.0751085
0.0754591
0.0758096
0.0761552
0.0765008
0.0768464
0.077192
0.0775324
0.0778728
0.0782132
0.0785536
0.0788887
0.0792238
0.0795589
0.079894
0.0802291
0.0805642
0.0808936
0.0812231
0.0815525
0.0818819
0.0822054
0.082529
0.0828525
0.0831701
0.0834876
0.0838052
0.0841227
0.084434
0.0847453
0.0850567
0.085368
0.0856793
0.085984
0.0862887
0.0865934
0.0868981
0.0872028
0.0875075
0.0878049
0.0881024
0.0883998
0.0886972
0.0889947
0.0892921
0.0895896
0.0898787
0.0901679
0.0904571
0.0907463
0.0910355
0.0913246
0.0916138
0.091903
0.0921922
0.0924814
0.0927598
0.0930383
0.0933168
0.0935952
0.0938737
0.0941522
0.0944306
0.0947091
0.0949876
0.095266
0.0955445
0.095823
0.096084
0.0963451
0.0966062
0.0968672
0.0971283
0.0973894
0.0976504
0.0979115
0.0981726
0.0984336
0.0986947
0.0989557
0.0992168
0.0994779
0.0997389
0.1
0.100255
0.10051
0.100763
0.101017
0.101269
0.101521
0.101771
0.102021
0.102271
0.102519
0.102767
0.103015
0.103262
0.103508
0.103753
0.103998
0.104242
0.104486
0.104729
0.104972
0.105213
0.105455
0.105696
0.105936
0.106176
0.106416
0.106654
0.106893
0.10713
0.107367
0.107603
0.107839
0.108074
0.108309
0.108542
0.108776
0.10901
0.109242
0.109475
0.109706
0.109937
0.110167
0.110398
0.110627
0.110857
0.111085
0.111314
0.111542
0.111769
0.111996
0.112223
0.112449
0.112675
0.1129
0.113125
0.113349
0.113573
0.113797
0.11402
0.114243
0.114465
0.114687
0.114909
0.11513
0.115351
0.115572
0.115791
0.116011
0.116231
0.116449
0.116668
0.116886
0.117104
0.117322
0.117539
0.117756
0.117972
0.118189
0.118405
0.11862
0.118836
0.119051
0.119266
0.11948
0.119694
0.119908
0.120121
0.120334
0.120547
0.12076
0.120972
0.121184
0.121396
0.121607
0.121818
0.122029
0.12224
0.12245
0.12266
0.12287
0.12308
0.12329
0.123499
0.123708
0.123916
0.124124
0.124332
0.12454
0.124748
0.124955
0.125162
0.125369
0.125576
0.125782
0.125988
0.126194
0.1264
0.126605
0.12681
0.127015
0.12722
0.127424
0.127629
0.127833
0.128036
0.12824
0.128443
0.128646
0.128848
0.129051
0.129253
0.129455
0.129657
0.129858
0.130059
0.13026
0.130461
0.130661
0.130862
0.131061
0.131261
0.131461
0.13166
0.131858
0.132057
0.132256
0.132454
0.132652
0.132849
0.133047
0.133244
0.133441
0.133638
0.133835
0.134032
0.134228
0.134424
0.13462
0.134816
0.135011
0.135206
0.135401
0.135596
0.13579
0.135984
0.136178
0.136372
0.136566
0.136759
0.136952
0.137145
0.137338
0.13753
0.137723
0.137915
0.138106
0.138298
0.138489
0.13868
0.138871
0.139061
0.139252
0.139442
0.139632
0.139822
0.140011
0.1402
0.14039
0.140578
0.140767
0.140956
0.141144
0.141332
0.141519
0.141707
0.141894
0.142081
0.142268
0.142455
0.142641
0.142827
0.143013
0.143199
0.143384
0.14357
0.143755
0.14394
0.144124
0.144308
0.144493
0.144677
0.14486
0.145044
0.145227
0.145411
0.145594
0.145776
0.145959
0.146141
0.146323
0.146505
0.146687
0.146869
0.14705
0.147231
0.147412
0.147593
0.147773
0.147954
0.148134
0.148314
0.148494
0.148674
0.148853
0.149033
0.149212
0.14939
0.149569
0.149748
0.149926
0.150104
0.150282
0.15046
0.150637
0.150815
0.150992
0.151169
0.151346
0.151522
0.151698
0.151874
0.152051
0.152226
0.152402
0.152578
0.152753
0.152928
0.153103
0.153278
0.153452
0.153626
0.153801
0.153974
0.154148
0.154322
0.154495
0.154668
0.154841
0.155014
0.155187
0.155359
0.155531
0.155704
0.155876
0.156047
0.156219
0.156391
0.156562
0.156733
0.156904
0.157074
0.157244
0.157415
0.157585
0.157755
0.157924
0.158094
0.158264
0.158433
0.158602
0.158771
0.158939
0.159107
0.159275
0.159444
0.159611
0.159779
0.159946
0.160114
0.160281
0.160448
0.160615
0.160782
0.160948
0.161114
0.16128
0.161446
0.161611
0.161777
0.161942
0.162107
0.162272
0.162436
0.162601
0.162765
0.162929
0.163093
0.163256
0.16342
0.163583
0.163746
0.163909
0.164071
0.164234
0.164397
0.164558
0.16472
0.164882
0.165044
0.165205
0.165366
0.165527
0.165688
0.165849
0.166009
0.166169
0.16633
0.166489
0.166649
0.166808
0.166968
0.167127
0.167286
0.167444
0.167603
0.167761
0.167919
0.168077
0.168235
0.168393
0.168551
0.168708
0.168865
0.169022
0.169179
0.169335
0.169492
0.169648
0.169805
0.16996
0.170116
0.170272
0.170427
0.170583
0.170738
0.170893
0.171047
0.171202
0.171357
0.171511
0.171665
0.171819
0.171973
0.172127
0.172281
0.172434
0.172587
0.17274
0.172894
0.173047
0.173199
0.173351
0.173504
0.173656
0.173808
0.17396
0.174112
0.174263
0.174415
0.174566
0.174717
0.174869
0.175019
0.17517
0.17532
0.175471
0.175621
0.175772
0.175922
0.176072
0.176221
0.176371
0.17652
0.17667
0.176819
0.176969
0.177118
0.177266
0.177415
0.177563
0.177712
0.17786
0.178009
0.178157
0.178304
0.178452
0.178599
0.178747
0.178895
0.179042
0.17919
0.179337
0.179484
0.17963
0.179777
0.179924
0.18007
0.180217
0.180363
0.180509
0.180654
0.1808
0.180945
0.18109
0.181236
0.181381
0.181527
0.181671
0.181816
0.18196
0.182104
0.182248
0.182393
0.182537
0.182681
0.182825
0.182968
0.183111
0.183254
0.183397
0.18354
0.183683
0.183826
0.18397
0.184113
0.184255
0.184396
0.184538
0.18468
0.184822
0.184964
0.185106
0.185248
0.185389
0.185531
0.185672
0.185812
0.185953
0.186093
0.186234
0.186374
0.186515
0.186655
0.186795
0.186936
0.187076
0.187217
0.187356
0.187495
0.187634
0.187773
0.187912
0.188051
0.18819
0.188328
0.188467
0.188606
0.188745
0.188884
0.189023
0.18916
0.189298
0.189435
0.189572
0.189709
0.189846
0.189984
0.190121
0.190258
0.190395
0.190533
0.19067
0.190807
0.190944
0.191081
0.191219
0.191356
0.191491
0.191626
0.191761
0.191896
0.192031
0.192166
0.192301
0.192436
0.192571
0.192706
0.192842
0.192977
0.193112
0.193247
0.193382
0.193517
0.193652
0.193787
0.193922
0.194057
0.194192
0.194327
0.194462
0.194597
0.194729
0.194861
0.194993
0.195124
0.195256
0.195388
0.19552
0.195652
0.195783
0.195915
0.196047
0.196179
0.19631
0.196442
0.196574
0.196706
0.196837
0.196969
0.197101
0.197233
0.197365
0.197496
0.197628
0.19776
0.197892
0.198023
0.198155
0.198287
0.198419
0.198551
0.198682
0.198814
0.198946
0.199078
0.199209
0.199341
0.199473
0.199605
0.199736
0.199868
0.2
0.200129
0.200258
0.200387
0.200516
0.200644
0.200773
0.200902
0.20103
0.201158
0.201286
0.201415
0.201543
0.201671
0.201799
0.201926
0.202054
0.202182
0.202309
0.202436
0.202564
0.202691
0.202818
0.202945
0.203072
0.203199
0.203326
0.203452
0.203579
0.203705
0.203832
0.203958
0.204084
0.20421
0.204336
0.204462
0.204588
0.204714
0.20484
0.204965
0.205091
0.205216
0.205341
0.205467
0.205592
0.205717
0.205842
0.205967
0.206092
0.206216
0.206341
0.206465
0.20659
0.206714
0.206838
0.206963
0.207087
0.207211
0.207335
0.207458
0.207582
0.207706
0.207829
0.207953
0.208076
0.2082
0.208323
0.208446
0.208569
0.208692
0.208815
0.208938
0.209061
0.209184
0.209306
0.209429
0.209551
0.209673
0.209796
0.209918
0.21004
0.210162
0.210284
0.210406
0.210528
0.210649
0.210771
0.210892
0.211014
0.211135
0.211256
0.211378
