0
2.63315707018e-06
3.75229110605e-05
7.38569462447e-05
0.000105978151214
0.000146234842855
0.000173540982884
0.00020062069651
0.000224418102293
0.00024891716788
0.000272421981588
0.000297193343726
0.000321488826874
0.000346826780858
0.000372397319161
0.000398707081093
0.000425328860603
0.000453100791317
0.00048089644123
0.000509463763607
0.000538288528284
0.000567316552289
0.000596269467942
0.000626699983868
0.000657400250023
0.000688583052373
0.000720096377451
0.000752155663615
0.000784759912942
0.000817847866017
0.00085176754582
0.000886133703805
0.000920978613304
0.000956596768348
0.000992945352651
0.00102969325318
0.00106718870342
0.00110538773582
0.00114428384629
0.00118387903064
0.001224153346
0.00126510662522
0.00130671643795
0.00134897153141
0.00139186499313
0.00143578175215
0.00148029399762
0.00152541980447
0.00157157668564
0.00161829325467
0.00166602117815
0.00171428158718
0.00176348052613
0.00181317319179
0.00186389934579
0.0019151364198
0.00196686517235
0.00201908718314
0.00207175696162
0.00212485962992
0.00217837524437
0.00223223583399
0.00228643983931
0.00234154327361
0.00239697889991
0.00245274581384
0.00250934625656
0.00256620791568
0.00262389829756
0.00268180570153
0.00274050760614
0.00279936696038
0.00285890522574
0.0029185890764
0.0029790399368
0.00303959224393
0.00310085721581
0.00316282001343
0.00322480049519
0.00328745716275
0.00335076335857
0.00341473388053
0.00347856528979
0.00354294239337
0.00360796502474
0.0036736314185
0.00373914655582
0.00380518360549
0.00387102533346
0.00393738541666
0.0040035011486
0.00406935238213
0.0041357041995
0.00420177413362
0.00426815845766
0.00433406666992
0.0044004039097
0.00446631038799
0.00453172093781
0.00459751547502
0.00466369511644
0.00472940562649
0.00479542754306
0.00486095019127
0.00492670191306
0.00499188123095
0.00505740803962
0.00512253170819
0.00518773574253
0.00525293906687
0.00531751238517
0.00538227853753
0.00544724534744
0.00551151536748
0.0055759150507
0.0056404394995
0.0057041957819
0.00576797192301
0.0058318571694
0.00589499140277
0.00595813634357
0.00602138518528
0.0060846986005
0.00614711815024
0.00620937329241
0.006271508344
0.00633363106467
0.00639490084431
0.00645602622932
0.00651697745533
0.00657802272188
0.00663804969277
0.0066979917381
0.00675789226413
0.00681771937252
0.00687741532944
0.00693701795448
0.00699545957333
0.0070537314798
0.00711195553483
0.00717004901576
0.00722686327949
0.00728353334276
0.00733997591206
0.00739511802291
0.00744997843281
0.0075046122671
0.00755930756928
0.0076127296336
0.00766580368294
0.00771872720122
0.00777139182287
0.00782378541112
0.00787483918169
0.00792567717952
0.00797639107458
0.00802693830407
0.0080773289114
0.00812746040894
0.0081761077474
0.00822449422622
0.00827264707888
0.00832058525492
0.00836822968578
0.00841562729203
0.00846274329897
0.00850851017592
0.00855392863953
0.00859886901353
0.00864358183946
0.00868793128792
0.00873195433405
0.00877585597538
0.00881951373922
0.00886277169382
0.00890567958439
0.00894666138809
0.00898729662303
0.00902772718898
0.0090679033237
0.00910772714026
0.00914728027099
0.00918651798807
0.00922547301661
0.00926412274739
0.00930247159768
0.00934061104509
0.00937848322615
0.00941361644087
0.00944832810377
0.00948294833805
0.00951740629842
0.0095515420332
0.00958546997283
0.00961909751753
0.00965246033016
0.00968554791159
0.00971836288051
0.00975090834984
0.00978322114581
0.00981524530662
0.00984695941422
0.00987843936747
0.00990961749345
0.00993976268671
0.00996970135228
0.00999937369653
0.0100287375059
0.0100577947709
0.0100864993911
0.0101148066204
0.010142797124
0.0101704868644
0.0101978726125
0.0102249699006
0.0102517474136
0.0102782078507
0.0103043895681
0.0103302818065
0.0103558702552
0.01038116399
0.0104061717887
0.0104308845433
0.0104553542095
0.0104795768335
0.0105035051453
0.0105272406858
0.0105507523813
0.0105739917292
0.0105969637249
0.0106197166191
0.010642202611
0.0106644321792
0.010686417318
0.0107081346251
0.0107295986539
0.0107508296552
0.0107718105766
0.0107923079948
0.0108126761837
0.0108330446142
0.0108531490464
0.0108730234359
0.0108926779831
0.0109121104617
0.0109313174681
0.010950355436
0.0109691796343
0.0109877993758
0.0110062311506
0.0110244957055
0.0110425506162
0.0110603995513
0.0110780393651
0.011095541497
0.0111128457201
0.0111299412023
0.011146830545
0.0111635826897
0.0111801674263
0.0111965249571
0.0112127183251
0.0112287377427
0.0112445430091
0.0112601585302
0.0112756451983
0.0112909404554
0.0113060312922
0.0113209614902
0.0113356571985
0.0113501242485
0.0113644233288
0.0113785318322
0.0113924293294
0.0114061944354
0.0114197446452
0.0114331036818
0.0114462982296
0.0114593207848
0.0114722002652
0.0114848987005
0.011497451382
0.0115098176897
0.0115219993362
0.0115339901682
0.0115459491008
0.0115579256566
0.0115697775932
0.011581646408
0.0115933290774
0.0116047035029
0.0116157259842
0.0116264197102
0.0116370004186
0.0116474132662
0.0116576728973
0.0116677609499
0.011677617024
0.01168730447
0.0116968594304
0.0117062379425
0.011715373073
0.0117244042207
0.0117332758303
0.0117419756322
0.0117505432692
0.011758932965
0.0117671799791
0.011775250693
0.0117831654424
0.0117909296411
0.0117985224732
0.0118059865164
0.0118133250754
0.0118205036049
0.0118275528251
0.0118344259275
0.0118411418688
0.0118473050157
0.0118539381842
0.0118610966665
0.0118679726475
0.0118748661098
0.0118816596493
0.0118883411846
0.0118948907614
0.0119013483614
0.0119076585016
0.0119137708616
0.0119196558326
0.0119253601204
0.0119308706098
0.0119361962212
0.0119413590049
0.0119463616091
0.0119511943355
0.0119558971857
0.0119604488234
0.0119647887356
0.0119689962619
0.0119730881879
0.0119770528565
0.0119809039807
0.011984600033
0.0119881373299
0.0119915752261
0.0119949060743
0.0119980993936
0.0120011903338
0.0120041676369
0.0120070329606
0.0120097976132
0.0120124509992
0.0120149917351
0.0120174692835
0.0120198746884
0.0120220391517
0.012024389225
0.0120269896914
0.0120294932871
0.0120319735075
0.0120343948851
0.0120367479678
0.012039005778
0.0120411681687
0.0120432581083
0.0120452443301
0.0120471338519
0.0120489575421
0.0120507169446
0.01205243493
0.0120540901436
0.0120556624116
0.0120571840104
0.0120586528237
0.0120600733532
0.0120614624598
0.0120628181528
0.0120641390158
0.0120654199669
0.0120666551011
0.0120678558219
0.0120690197883
0.0120701490042
0.0120712462396
0.0120723100907
0.0120733510159
0.012074361363
0.0120753370904
0.0120762807372
0.0120771985691
0.0120781018044
0.0120789844045
0.0120798393858
0.0120806838887
0.0120815122279
0.0120823146586
0.0120831038981
0.0120838976385
0.0120846975604
0.0120854800618
0.0120862354266
0.0120869806475
0.0120877088501
0.0120884092241
0.0120891588285
0.0120899198681
0.012090617427
0.0120913012873
0.0120919625371
0.0120926156263
0.0120932780828
0.0120939285766
0.0120945768663
0.0120952248621
0.0120958861146
0.0120965736704
0.0120972601589
0.0120979455001
0.0120986453187
0.0120993689354
0.0121001014801
0.0121007982233
0.0121014833256
0.0121021940232
0.0121029262474
0.0121036747314
0.0121044354353
0.0121052150326
0.0121060075709
0.0121068128216
0.0121076354672
0.0121084750145
0.0121093327242
0.0121102037261
0.0121110994792
0.0121120127861
0.0121129385426
0.0121138815368
0.0121148366724
0.0121158172998
0.0121168295977
0.0121178605109
0.0121189062097
0.01211996421
0.0121210409772
0.0121221509169
0.0121232855825
0.0121244487127
0.0121256423161
0.0121268691784
0.0121281290244
0.0121294106816
0.0121307133593
0.0121320293786
0.0121333195591
0.0121346366513
0.0121360366283
0.0121374752716
0.0121389463449
0.0121404547872
0.0121419986146
0.0121435779324
0.0121451939003
0.0121468338238
0.0121485115929
0.0121502244862
0.0121519717877
0.0121537837643
0.0121556459427
0.0121575411031
0.0121594857226
0.0121614825122
0.0121635155955
0.0121655928621
0.0121677128142
0.0121698918284
0.0121715217131
0.012173243504
0.01217560135
0.0121781843792
0.0121807643754
0.0121832385312
0.0121858700159
0.0121887432809
0.0121916916216
0.0121945339884
0.0121974648229
0.0122004439897
0.0122034708111
0.012206550174
0.0122096986617
0.0122128216409
0.012215984232
0.0122192569114
0.0122225772221
0.0122259552171
0.0122294010123
0.0122329128784
0.0122364696145
0.0122400938898
0.0122438051266
0.0122475776286
0.0122513811262
0.0122552484064
0.0122591666897
0.0122631465802
0.0122671835528
0.0122712851882
0.0122754506157
0.0122796601037
0.0122839316375
0.0122882882959
0.0122927215018
0.0122972032976
0.012301755107
0.0123063828959
0.01231108431
0.0123158403774
0.0123206569583
0.0123255269239
0.0123304786756
0.0123355283121
0.0123406485412
0.0123458385025
0.0123510711819
0.012356373513
0.0123617411703
0.012367136378
0.0123725796855
0.01237814209
0.012383795937
0.0123895246913
0.0123953082268
0.012401177845
0.0124070635468
0.0124130210897
0.0124190836211
0.0124252389816
0.012431459677
0.0124377654278
0.012444154012
0.0124506262484
0.0124571859169
0.0124638362634
0.012470591037
0.0124773740878
0.0124841698264
0.0124911461431
0.0124981840236
0.0125052624533
0.0125124233655
0.012519666087
0.0125269943139
0.0125343664084
0.0125418262018
0.0125493667647
0.0125569811122
0.0125646436329
0.0125723973678
0.0125802387783
0.012588169328
0.0125961868358
0.0126042458108
0.012612390503
0.0126206195975
0.0126289383475
0.0126373918678
0.012645902411
0.0126544656946
0.012663101546
0.0126718196973
0.0126806351118
0.0126894906769
0.0126984308806
0.0127074706074
0.0127165650375
0.0127257489319
0.0127350464485
0.0127443668506
0.0127537826599
0.0127632746197
0.0127728408984
0.0127825479689
0.0127923050112
0.012802115604
0.0128120120437
0.012822008781
0.012832113577
0.0128422793986
0.0128524342666
0.0128627831307
0.0128732591029
0.0128837496594
0.0128943024967
0.0129049236368
0.0129155880155
0.0129263363461
0.0129371271102
0.0129480226049
0.0129590420719
0.012970123465
0.0129812703595
0.0129924719206
0.0130037822404
0.0130150990328
0.0130264757314
0.0130379764326
0.0130495453404
0.0130612128537
0.013072929075
0.0130847133037
0.0130965950371
0.0131085841668
0.0131206386477
0.0131327878536
0.0131449997824
0.0131572246934
0.0131695409853
0.0131819266085
0.0131944423827
0.0132070316493
0.0132196896734
0.0132324685347
0.0132453376482
0.0132582601269
0.0132711518876
0.0132841602819
0.0132972729347
0.0133104407488
0.0133236919221
0.0133370650123
0.0133504882196
0.0133639149695
0.0133774454326
0.0133910374615
0.0134047174567
0.0134184456285
0.0134323431088
0.0134463485446
0.0134603804513
0.013474400344
0.0134885279152
0.0135027060514
0.0135169635531
0.0135313344709
0.0135457623332
0.0135602717319
0.0135749013312
0.0135894506254
0.0136040586086
0.013618808736
0.0136336238878
0.0136485229861
0.0136635120424
0.0136785506186
0.0136936905187
0.013708978371
0.0137243216585
0.013739492527
0.0137547599899
0.0137702178116
0.01378580013
0.0138014595025
0.0138171940098
0.0138329530099
0.0138487706164
0.0138646989754
0.0138807301485
0.0138967007943
0.0139125076959
0.013928278481
0.0139443225166
0.0139605766293
0.0139769794821
0.0139934807948
0.0140100825936
0.0140267636843
0.0140435057468
0.0140602975397
0.0140771476125
0.0140938888346
0.0141106986807
0.0141275887732
0.0141445468238
0.014161561645
0.0141786451671
0.0141957989475
0.0142130269093
0.0142303340445
0.0142477165132
0.0142651689085
0.0142826941254
0.0143002952442
0.0143177473108
0.0143352762785
0.0143528799211
0.0143705561997
0.0143882995386
0.014406111922
0.0144240058483
0.0144419702678
0.0144600029285
0.0144781133855
0.0144963045802
0.0145145687672
0.0145329065596
0.0145513168076
0.0145697961311
0.0145883510176
0.0146069748137
0.0146253742508
0.0146438545479
0.0146624024858
0.0146810127371
0.0146996943454
0.014718450335
0.0147372839937
0.0147562036981
0.0147751955897
0.0147942476613
0.0148133695766
0.0148325583869
0.0148518153937
0.014871139998
0.0148905231336
0.0149099729895
0.0149294985918
0.01494909235
0.0149687561519
0.014988487926
0.0150082863916
0.0150281536716
0.0150480814347
0.0150680710375
0.0150876453893
0.0151073026906
0.0151269994049
0.0151467476872
0.0151665676133
0.0151864440936
0.0152063901756
0.0152263972903
0.0152464681634
0.0152666020361
0.0152867961554
0.015307043291
0.0153273579083
0.0153477422211
0.0153681853951
0.0153886898952
0.0154092548466
0.0154298791761
0.0154505663979
0.0154713217121
0.0154921378931
0.0155130115767
0.0155339444632
0.0155549324207
0.0155759783391
0.0155970833473
0.0156182432969
0.0156394616882
0.0156607397577
0.0156820780293
0.0157034757406
0.0157249296569
0.0157464421639
0.0157680091632
0.0157896409152
0.0158113335406
0.0158330710497
0.0158548596999
0.0158767046084
0.0158986067123
0.0159205616905
0.0159421121613
0.0159637314596
0.0159853684203
0.0160070562094
0.0160287765604
0.0160505096889
0.016072294375
0.0160941026921
0.0161159227404
0.0161377543894
0.016159669025
0.0161816098817
0.0162036116632
0.016225636402
0.0162476781615
0.016269767994
0.0162918760681
0.0163140374817
0.0163362156215
0.0163584311405
0.0163806643571
0.016402924316
0.0164252326187
0.0164475541657
0.0164699353836
0.0164923410384
0.0165147791006
0.0165372395184
0.0165597566138
0.0165822833127
0.0166048470417
0.0166274295372
0.0166500274449
0.0166726556701
0.0166947090319
0.0167168118037
0.0167394478668
0.0167621278731
0.0167848530666
0.0168076317949
0.0168304557735
0.0168533193513
0.0168762013672
0.0168991282829
0.01692207198
0.0169450582735
0.016968055237
0.01699109563
0.0170141464951
0.0170371729547
0.0170604931181
0.017083700066
0.0171066588137
0.0171297344608
0.0171528854061
0.0171760852054
0.0171993200126
0.0172225567138
0.0172458278362
0.0172691094431
0.0172924272721
0.0173157546882
0.0173391308749
0.0173625071488
0.017385925546
0.0174093601289
0.0174328254878
0.0174562963955
0.0174798067063
0.0175032669206
0.0175267514981
0.0175502781464
0.0175738447634
0.0175974203633
0.0176210295716
0.0176446751822
0.0176686557325
0.0176924865096
0.0177160418814
0.0177396821528
0.0177633528619
0.0177870364413
0.017810756771
0.0178344895051
0.0178582573864
0.0178820320375
0.0179058435147
0.017929635507
0.0179534431776
0.0179772630319
0.0180011213348
