0
-4.65334763674e-06
-4.09890181231e-05
-9.53626646057e-05
-0.000139537601057
-0.000181775202161
-0.000217822118422
-0.000249909803446
-0.000278476341436
-0.000305605333225
-0.000331494260911
-0.000356266368927
-0.000380093903107
-0.000403750287167
-0.000426807775318
-0.000449663308122
-0.000472277923911
-0.000494871319556
-0.000517432088587
-0.00053992886679
-0.00056237230242
-0.000584965976046
-0.0006074726753
-0.000630116610352
-0.000652879665258
-0.000675938195108
-0.000699071377723
-0.000722275043806
-0.000745542832026
-0.000769045278079
-0.00079255742167
-0.00081628712023
-0.000840006988351
-0.000863924949272
-0.000888033764844
-0.000912105274917
-0.000936362401718
-0.000960556535849
-0.000984694898894
-0.00100896350582
-0.00103312827842
-0.0010574016977
-0.0010817582254
-0.00110598393747
-0.00113028724863
-0.00115463857925
-0.00117903048533
-0.00120325592462
-0.00122750879151
-0.00125177059395
-0.00127603423062
-0.00130030036511
-0.0013247535736
-0.00134917788151
-0.00137357009711
-0.00139791981206
-0.00142241528022
-0.00144684319471
-0.00147119874677
-0.00149567773759
-0.00152005052886
-0.00154432585659
-0.0015684960442
-0.00159254801807
-0.00161668175708
-0.0016406726096
-0.00166452159206
