-0.0053186746988
-0.0180837746543
-0.0330394519314
-0.0507683911634
-0.0708078731393
-0.0885086251805
-0.10283251497
-0.115446526808
-0.126882620444
-0.137165432198
-0.146621024792
-0.155364240451
-0.163487257029
-0.171236950982
-0.178563120382
-0.185577534377
-0.192302803195
-0.198823605712
-0.205149972428
-0.211291312955
-0.217256203627
-0.223107106122
-0.228794613727
-0.234376208893
-0.239854912159
-0.245282083737
-0.250610175129
-0.255841751716
-0.260979361372
-0.266069933001
-0.271070063807
-0.276024734631
-0.280892185641
-0.28571585719
-0.290496182769
-0.295193204489
-0.299848300693
-0.304423042389
-0.30891936371
-0.313376448226
-0.31775801896
-0.322101723165
-0.326408056481
-0.330642111213
-0.33483997022
-0.3390021552
-0.343128983645
-0.347187217444
-0.351211272358
-0.355201562902
-0.35915840579
-0.363082066802
-0.367005087062
-0.370895106231
-0.374752367772
-0.378577188539
-0.382401537264
-0.386193589065
-0.389953609768
-0.393713227964
-0.397441003333
-0.401137094256
-0.404801845748
-0.408435620853
-0.412069218559
-0.415671971751
-0.419244084074
