0
-0.00328376595703
-0.0234823197988
-0.0528736665503
-0.0769687028536
-0.100731504324
-0.121954155831
-0.140518387752
-0.156812192758
-0.171981031412
-0.186098937457
-0.199229625273
-0.211511626573
-0.223393728448
-0.2346888214
-0.245615284048
-0.256183751892
-0.266517629183
-0.27662468963
-0.286514609512
-0.296201259389
-0.305779634818
-0.315160828967
-0.324442776255
-0.33362011508
-0.342771845784
-0.351817713736
-0.360762118894
-0.369604979172
-0.378416561644
-0.38711911749
-0.395792124751
-0.404352951848
-0.412876781386
-0.421362160931
-0.429730199125
-0.43805989326
-0.446269962259
-0.454365149889
-0.462412815774
-0.470338651752
-0.478214305129
-0.48603389861
-0.493730162729
-0.501371998193
-0.508952108459
-0.516469394393
-0.523863157236
-0.531193922934
-0.538457446245
-0.545653096452
-0.552781185378
-0.559896116968
-0.566936970952
-0.573905042127
-0.580798616923
-0.58767163072
-0.594465467691
-0.601180052203
-0.60787004167
-0.61447427424
-0.62099651322
-0.627434508323
-0.633784879507
-0.640101451761
-0.646326621344
-0.652462316066
