0
0.0590368343721
0.497636613713
0.982257568041
1.44551997922
2.02288458468
2.43203650211
2.81161917503
3.13185260121
3.43256583748
3.70177613252
3.96326448205
4.20320531909
4.43687224916
4.65869883813
4.87404567617
5.08002766361
5.28414385473
5.4778351494
5.66758065147
5.85032504476
6.02776739848
6.19710972768
6.36801101687
6.53384766901
6.69576508107
6.85353195964
7.00855537092
7.16075966535
7.31012269478
7.45826122221
7.60358526282
7.74631806837
7.88775077512
8.02771492818
8.16502488581
8.30105883474
8.43564837029
8.568790818
8.7005306145
8.83080593799
8.95963978121
9.08699685772
9.21285878415
9.33723074395
9.46121825188
9.58358764524
9.70443598816
9.82487722879
9.94363245545
10.0618720262
10.1784564712
10.2944108846
10.4086246023
10.5222528315
10.6341126596
10.7441950927
10.8525625727
10.9591428545
11.0639400888
11.1670036582
11.2682820681
11.3677556998
11.4664024927
11.5632106402
11.6582373561
11.7523555867
11.8446299014
11.9360075522
12.0255178203
12.1141051263
12.2008687421
12.2865562407
12.3703957505
12.453220125
12.5341018783
12.6139057434
12.6926214399
12.7693816186
12.845038239
12.9195722949
12.9930536124
13.0645237178
13.1347109875
13.2037715553
13.2716933793
13.3375941099
13.4021542215
13.4647718302
13.5261275813
13.5855345452
13.6430156089
13.6993646055
13.7540022332
13.8072165932
13.8584090773
13.9085004054
13.9567434212
14.0030329621
14.048133764
14.0920207412
14.1340529524
14.1748044569
14.213845339
14.2516089079
14.2877584486
14.3229683362
14.3567655169
14.3889530845
14.419604607
14.4488010392
14.4768075098
14.5036376627
14.528895283
14.5529133089
14.5757463383
14.5970778933
14.6171016063
14.6360164462
14.6536013398
14.6699026745
14.6851715933
14.6993634955
14.7122029915
14.7237063594
14.7340170355
14.743288019
14.7513932272
14.7581367714
14.7635823887
14.7681590734
14.7715112905
14.773689086
14.7748503688
14.7749543997
14.7738900432
14.77177957
14.76860319
14.7642939381
14.7591105421
14.7529698744
14.7458612095
14.7378618813
14.7288455132
14.7189434207
14.707947504
14.6959923295
14.6834549197
14.6701108382
14.6555228937
14.6401405231
14.6239136537
14.6068191327
14.5892481616
14.5707471264
14.5514800193
14.5314263518
14.5106321675
14.4889483779
14.4668479541
14.4439120362
14.4202089863
14.3957705053
14.3704809608
14.344440218
14.3176098669
14.2911893395
14.2639538551
14.2357262075
14.2070057909
14.1775417305
14.1473260335
14.1166142146
14.0851882695
14.0528698896
14.0198523019
13.9874516916
13.9544123198
13.9209336133
13.8869284778
13.852231352
13.8169882726
13.7811516689
13.7447680297
13.7078155634
13.6702881574
13.6323294923
13.5938401829
13.5570627688
13.5195936999
13.4819373501
13.4439590802
13.4054013459
13.366458487
13.3270252857
13.2871467001
13.2468276988
13.2060735077
13.1649068323
13.1233896169
13.0814349002
13.039022717
12.9962875802
12.9531409541
12.9105276293
12.8678642888
12.8250444933
12.7820071111
12.7387895691
12.6953365636
12.6517843919
12.6080253655
12.5640850601
12.5199578824
12.475684329
12.4312183717
12.3865695961
12.3418015636
12.2969017459
12.2518504784
12.2066672028
12.1613669383
12.1159146742
12.0704041935
12.0248346464
11.9791111189
11.9332122399
11.8872942339
11.8412778249
11.7951824299
11.7490836202
11.7029228159
11.6567321985
11.6105395684
11.5643022872
11.5180354956
11.4717716667
11.4254903
11.3788208192
11.3321392514
11.2858526381
11.2395229937
11.1932020692
11.1469289248
11.1007078064
11.0545231332
11.0082669358
10.9620618961
10.915916557
10.8698443189
10.8236990162
10.7776116021
10.7315892048
10.6856344124
10.6396711979
10.5937986841
10.5479935191
10.5022622056
10.4565310895
10.4109322258
10.3653736665
10.319803448
10.2743701976
10.2289999336
10.1837369304
10.1384796226
10.0933317012
10.0482787073
10.0032189308
9.95822887318
9.9133030394
9.86835065898
9.82353886044
9.77883000214
9.73414064721
9.68952421404
9.64486705158
9.60035555086
9.55600192306
9.51167916594
9.46745071704
9.42323833975
9.3791542003
9.33501738072
9.29097337893
9.24709055175
9.20359566134
9.16025847264
9.11711247432
9.07404804204
9.03075149135
8.98736127597
8.94377145658
8.90044504299
8.85712003685
8.81393551964
8.77072658802
8.72755133648
8.68435854105
8.64135169534
8.59828369152
8.55522334
8.51223622517
8.46923152916
8.42634669865
8.38348470461
8.34070804301
8.29793111997
8.25525128758
8.21255800796
8.1700139651
8.12742026016
8.08498792037
8.04258286467
8.00012835409
7.95782842035
7.91549600885
7.8732809502
7.83046376029
7.78850274629
7.74756196002
7.70621099618
7.66508428811
7.62399358967
7.58303199748
7.54204565871
7.5011042471
7.46026721016
7.41930512425
7.37830297293
7.33721011144
7.29615116385
7.25500083533
7.21379156685
7.17266842404
7.1314850257
7.09044055786
7.04935771108
7.00827949338
6.96721296004
6.92630101973
6.88536084656
6.84442761834
6.80357813076
6.76268511558
6.72196365139
6.68126194255
6.64066017316
6.60007477174
6.55950442415
6.51906236704
6.47864478206
6.43836390769
6.39806437819
6.35783436809
6.31778525367
6.27754388981
6.23770244614
6.19842579531
6.15907533007
6.11979910316
6.08071513035
6.04168366966
6.00279709785
5.96393022832
5.92511142764
5.88642706123
5.84777245999
5.80930632435
5.77089330581
5.73255577278
5.69438627136
5.65623962826
5.61815746265
5.58025827506
5.54242411158
5.50479633903
5.46724714303
5.4297704696
5.39248151027
5.35525168096
5.31821325029
5.28125039308
5.24435745384
5.20765596998
5.17103024551
5.13448823985
5.09813626304
5.06185021973
5.02575252112
4.98973629788
4.95381083969
4.91808300472
4.88242931953
4.84686937838
4.81151257544
4.77622690147
4.74113879644
4.70615409875
4.67126998468
4.6365720582
4.60193635954
4.56739175082
4.53304778586
4.49877174333
4.4646684253
4.43079177614
4.3969213944
4.36324272821
4.32963888284
4.29612300946
4.26282821605
4.22961435044
4.19648891021
4.1635687721
4.13075733977
4.09806900912
4.06557623485
4.03316722238
4.00086944523
3.96880473127
3.93683211986
3.9048889747
3.87313497434
3.84150925982
3.80998950135
3.77867996764
3.74746590156
3.71635800627
3.68545779381
3.65464874457
3.62393674371
3.59332529065
3.56291931935
3.53260346527
3.50239672725
3.47239122728
3.44247645679
3.41265741928
3.38302833316
3.35350454214
3.32409474342
3.29488287819
3.26575706321
3.23671198785
3.20775773963
3.17902335645
3.15038895147
3.12185445839
3.09353088855
3.06531542681
3.0371942814
3.00926794182
2.98143245082
2.95367250211
2.92593013732
2.8984000748
2.87104517528
2.84378961855
2.81673499398
2.78978189055
2.76292895669
2.73617079556
2.70962150451
2.68315622785
2.6567868553
2.63062094239
2.60454847476
2.57860777505
2.5527775766
2.52713641227
2.50161034311
2.47619932193
2.45097907923
2.42585162868
2.40081728987
2.37590005369
2.350388052
2.32510204846
2.30077330686
2.27667733386
2.25261884085
2.22845814383
2.20455639144
2.18111558933
2.15777546754
2.13429115775
2.11095942303
2.08785303145
2.06483304505
2.04190525925
2.01909609297
1.99637937703
1.97373805291
1.95127434778
1.92899500454
1.90680129314
1.88471725498
1.86273270274
1.84093396402
1.81924289202
1.79768235967
1.77621524239
1.75490913471
1.73369848999
1.71256672101
1.69152909041
1.67069095402
1.64994518688
1.62928886197
1.60881244538
1.58842878525
1.56816664186
1.54801348846
1.52804048927
1.50816589119
1.48839828838
1.46873291445
1.44925170069
1.4298487556
1.41051686108
1.39141388171
1.37244937621
1.3535664022
1.33476435642
1.31613885312
1.29760713825
1.27915255421
1.26072521769
1.24248118938
1.224403878
1.20643597778
1.18855171446
1.17084828429
1.15324912475
1.13565764413
1.11815351969
1.10090367428
1.08375790837
1.06667586891
1.0496919781
1.03292822319
1.01625302063
0.999671340157
0.983193889939
0.966949556462
0.950721600727
0.934494749037
0.918505707081
0.902708975515
0.886929768963
0.871238335861
0.855643404048
0.840144172642
0.824804230307
0.809557917089
0.794392957869
0.779301944854
0.76438016612
0.749556204852
0.734821857912
0.720178396173
0.705622569318
0.691226045899
0.676916040085
0.662683906421
0.648547341897
0.634567641681
0.620758549358
0.606973266805
0.593247101398
0.579600288341
0.566060045751
0.552682758033
0.539383762937
0.526190116341
0.513024134562
0.499942645856
0.486977223601
0.474130855997
0.461379386851
0.448687621565
0.436054375234
0.423593278502
0.411303810396
0.399025360963
0.386824970663
0.374732198518
0.362754449429
0.350802166216
0.338924009992
0.327296938134
0.31580393257
0.304262953285
0.292764772932
0.281318976819
0.270041540889
0.258852025816
0.24767126548
0.236586098121
0.225639073394
0.214712111965
0.203812429929
0.193126071551
0.182549339029
0.171911337677
0.161317753422
0.150859079282
0.140452708042
0.130127044951
0.119987169588
0.109883463134
0.0998648038405
0.0899566498345
0.0800672301891
0.070230268085
0.0604396343497
0.0508264347682
0.0412734524946
0.0317522720501
0.0223760636078
0.0130411923256
0.00374896495199
-0.00542403420578
-0.0145430896254
-0.023649135448
-0.0326578432676
-0.0415354044351
-0.0503194656217
-0.059101999148
-0.0678363572566
-0.0764410984824
-0.0850437506842
-0.0934899708714
-0.101826992129
-0.110149043124
-0.118405682584
-0.126673520715
-0.134751192753
-0.142738443086
-0.150770485422
-0.158641914882
-0.166413448891
-0.174197815998
-0.181937274242
-0.18956051355
-0.197172761039
-0.204740234091
-0.212168374393
-0.219550870272
-0.226920926775
-0.234125118487
-0.241316241527
-0.24845780345
-0.25552875873
-0.262605450726
-0.269595568935
-0.276409288393
-0.283223966354
-0.290077415105
-0.296838290715
-0.303424070226
-0.30991890742
-0.316390598973
-0.322821731024
-0.329276903699
-0.335703519098
-0.342032128851
-0.348284591433
-0.354415032763
-0.360691655171
-0.367053005382
-0.373185660487
-0.379102297069
-0.3849378785
-0.390723860057
-0.396444906445
-0.402124229843
-0.407778982387
-0.413418974796
-0.419033657885
-0.424541891328
-0.430012019522
-0.435427425721
-0.440810995615
-0.446178054365
-0.451507113964
-0.456798369714
-0.462050320579
-0.467254175913
-0.472415766575
-0.477546640889
-0.482636168317
-0.487681729986
-0.492626441055
-0.497524321242
-0.502386719935
-0.507209482946
-0.511993175424
-0.516745342388
-0.521442363522
-0.526103519557
-0.530737675908
-0.535323495304
-0.539860233898
-0.54435638457
-0.548813051592
-0.553230199221
-0.557609962149
-0.561948914476
-0.56624842951
-0.570447361065
-0.574596523868
-0.578709685491
-0.582798037325
-0.586844018868
-0.590847516078
-0.59480711552
-0.598711226672
-0.602574654925
-0.606414041551
-0.610214985655
-0.613979313613
-0.617706711317
-0.621399183628
-0.625067342716
-0.628698668408
-0.632283192509
-0.635830720652
-0.639339231035
-0.642811614563
-0.646249689733
-0.649651382337
-0.653027679318
-0.656375970732
-0.659597980853
-0.662757278487
-0.665921450677
-0.669071136815
-0.672169798279
-0.675242638721
-0.678275244812
-0.681279609084
-0.68425068955
-0.687188054479
-0.690095980157
-0.692984265604
-0.6958307556
-0.698634547645
-0.701413598387
-0.70416205825
-0.706878615568
-0.709567591367
-0.712223276731
-0.714834693076
-0.71741523079
-0.719972641848
-0.722501112092
-0.725003558526
-0.727477755382
-0.729923843658
-0.732344392242
-0.734735632932
-0.73709628602
-0.739425729622
-0.741724755029
-0.743997732442
-0.746240776738
-0.748459962763
-0.750640018929
-0.752786049486
-0.754924509266
-0.757043123452
-0.759132839382
-0.761194351845
-0.763232002695
-0.76520454695
-0.767130919886
-0.769041398105
-0.770929291793
-0.772778378815
-0.774618779921
-0.776435982121
-0.778225655
-0.780044560942
-0.78184923959
-0.783580589575
-0.785282446322
-0.786952366019
-0.788595479981
-0.790220954241
-0.791826885461
-0.793410534853
-0.794965398788
-0.796502034546
-0.798035251488
-0.799544021201
-0.801015570818
-0.802465986066
-0.803901694788
-0.805298972389
-0.80666220569
-0.808029948257
-0.80936986129
-0.810673933937
-0.811967928273
-0.813256249081
-0.814518347341
-0.815758505264
-0.817005208223
-0.819016397172
-0.820917558517
-0.822013823514
-0.82316380458
-0.824333258387
-0.825471594443
-0.826554640279
-0.827629905088
-0.828686070282
-0.829724170338
-0.830739439559
-0.831743976762
-0.832733681196
-0.833705890616
-0.834666151668
-0.835659339682
-0.836319287879
-0.837132600534
-0.83831876246
-0.839313435422
-0.840209853829
-0.841055768998
-0.841897750365
-0.842737879037
-0.843575299562
-0.844395804895
-0.845209882136
-0.846007141888
-0.846775061329
-0.847542604738
-0.848293557931
-0.849016576951
-0.849739779081
-0.850451157966
-0.851146566793
-0.851903527161
-0.852659362054
-0.853343626656
-0.854010471808
-0.854659409522
-0.85530001556
-0.855882223525
-0.856063708945
-0.856463073967
-0.857285083631
-0.857941087216
-0.858552298839
-0.859153677869
-0.859739108328
-0.860298693102
-0.860847707698
-0.861377679909
-0.861890537604
-0.862420891164
-0.862963547744
-0.863472040524
-0.863964498073
