0
0.0013876960164
0.011829967303
0.025965220759
0.0349229670341
0.0438976888302
0.0520645579893
0.0589874361637
0.0649498548934
0.0707151076129
0.076191933589
0.0813767989463
0.0863186890385
0.0912105934199
0.095941329102
0.100601273739
0.105180729519
0.109723986449
0.114226890684
0.118695447679
0.123128531113
0.127555036986
0.131928060791
0.136292353351
0.140642831912
0.145013227162
0.149363204391
0.153692672201
0.157998120211
0.162310167269
0.166589384201
0.170874555207
0.175123477308
0.179374573182
0.183627103418
0.187838611759
0.192048534378
0.196214225528
0.200337545127
0.204452025275
0.208518349745
0.212573074434
0.216612415321
0.220600758136
0.224573480259
0.228525758507
0.232456396251
0.236333031675
0.240186748939
0.244014919257
0.247817108883
0.251593308435
0.255371932415
0.259120247585
0.262838368135
0.266524773143
0.270208175666
0.273857204941
0.277471456769
0.281080245956
0.284650361106
0.288183806514
0.291679295243
0.295134976002
0.298580449484
0.301984090758
0.305346665594
