0
1.9128178575e-09
3.68135718678e-08
1.52556680452e-07
3.68187506445e-07
6.78776257402e-07
9.86959175167e-07
1.29312653129e-06
1.59966111912e-06
1.90902370984e-06
2.22013138615e-06
2.54116349349e-06
2.86690954581e-06
3.20097174551e-06
3.54716575458e-06
3.90065743663e-06
4.26523657421e-06
4.64494682267e-06
5.03073317777e-06
5.42646104447e-06
5.8317601181e-06
6.24607328255e-06
6.66876596699e-06
7.10405566159e-06
7.54752786468e-06
8.00325719346e-06
8.46645608762e-06
8.94133778517e-06
9.42772343465e-06
9.92541869915e-06
1.04390775722e-05
1.09638434102e-05
1.14994956006e-05
1.20509281263e-05
1.26182439238e-05
1.31961291834e-05
1.3789780069e-05
1.43992692707e-05
1.50246491226e-05
1.56659649168e-05
1.63232514136e-05
1.69965325654e-05
1.7685821173e-05
1.83911162834e-05
1.91124077144e-05
1.98565445313e-05
2.06169122986e-05
2.13934629357e-05
2.21935971985e-05
2.30100952506e-05
2.38507678758e-05
2.47079238673e-05
2.55897929895e-05
2.64881823361e-05
2.74117950352e-05
2.83519787854e-05
2.93085812334e-05
3.02814447613e-05
3.12704003591e-05
3.22752641397e-05
3.32958439922e-05
3.43319274598e-05
3.53832868337e-05
3.64600787479e-05
3.7551988696e-05
3.86587778084e-05
3.97912110499e-05
4.09382923647e-05
4.21112625778e-05
4.3298602191e-05
4.45120372765e-05
4.57395061778e-05
4.6993208416e-05
4.82605254921e-05
4.95541946099e-05
5.08610707976e-05
5.21943981949e-05
5.35544830734e-05
5.49271818522e-05
5.63266651374e-05
5.77532178248e-05
5.92071222616e-05
6.06727320708e-05
6.21656007657e-05
6.36859816163e-05
6.52341487435e-05
6.67928875409e-05
6.83792887744e-05
6.99754863149e-05
7.15991740146e-05
7.32318556497e-05
7.48730206779e-05
7.65410618315e-05
7.82167626423e-05
7.99190846566e-05
8.16281228339e-05
8.33634347396e-05
8.51045364793e-05
8.68508789248e-05
8.86226857196e-05
9.04201061294e-05
9.22214212542e-05
9.40479987092e-05
9.58774915795e-05
9.77318556314e-05
9.9588109108e-05
0.000101468824113
0.000103350469662
0.000105256204798
0.000107186044244
0.00010911513943
0.00011106783892
0.000113044214526
0.000115018202183
0.00011701536695
0.000119035754657
0.000121052002812
0.000123090916925
0.000125152519915
0.000127208147317
0.000129285910498
0.000131385829548
0.000133507934
0.000135621447849
0.000137756504017
0.000139913053344
0.000142091072951
0.000144257587353
0.000146444934549
0.000148653060318
0.000150881951024
0.000153096300939
0.000155330751635
0.000157585281926
0.000159859872555
0.000162154489247
0.000164469094388
0.000166763911995
0.00016907795348
0.000171411183009
0.000173763571192
0.00017609254092
0.000178439868859
0.000180805494881
0.000183145029647
0.00018550202984
0.00018787641476
0.000190268158193
0.000192629834222
0.000195008087413
0.000197402840163
0.000199814028739
0.000202241570654
0.000204633222726
0.000207040397792
0.000209463044073
0.000211901117271
0.000214354568134
0.000216823333326
0.000219248008836
0.000221687115268
0.000224140579082
0.000226608333606
0.000229090303227
0.000231586407552
0.000234096567992
0.000236550431636
0.000239017479715
0.000241497592725
0.00024399066864
0.000246496622016
0.00024901535312
0.000251546797204
0.000254090901451
0.00025664757279
0.000259216702799
0.000261702360164
0.000264199381416
0.000266707689805
0.000269227221407
0.000271757891743
0.000274299614068
0.000276852306779
0.000279415886598
0.000281990271658
0.000284575377558
0.000287171133248
0.000289777472361
0.000292230444828
0.000294692534295
0.0002971636738
0.000299643830228
0.000302132940337
0.00030463093494
0.000307137747703
0.000309653304859
0.000312177535926
0.000314710369392
0.000317251734493
0.000319801565681
0.000322359794908
0.000324926344026
0.000327501141998
0.000330084118862
0.000332615927558
0.000335148921766
0.000337683018955
0.000340218124251
0.000342754138363
0.000345290957141
0.000347822009001
0.000350353656204
0.00035288580236
0.000355418353345
0.000357951217228
0.000360484300776
0.00036301750789
0.000365550748214
0.000368083935421
0.000370616980734
0.000373149795372
0.000375682293369
0.000378214389338
0.0003807460037
0.000383277063254
0.000385807489149
0.000388343663001
0.000390879050202
0.000393413578728
0.000395947171873
0.000398479759849
0.000401011273431
0.000403541639469
0.000406070788015
0.000408598648287
0.000411125148985
0.000413650223428
0.000416173805807
0.000418695801505
0.000421222576573
0.0004237476414
0.000426270957516
0.000428792460011
0.000431312089579
0.000433829788281
0.000436345497968
0.000438865612334
0.000441383614275
0.000443899450137
0.000446413069624
0.000448930883004
0.000451446364008
0.000453959460732
0.000456470121738
0.000458984768098
0.000461496870532
0.00046400637957
0.000466513245207
0.000469023896611
0.00047153180234
0.000474036915642
0.000476545673079
0.000479051528085
0.000481554435635
0.000484054349318
0.000486557717959
0.000489057994843
0.0004915551354
0.000494055593515
0.000496552805386
0.000499046720049
0.000501543797057
0.000504037469058
0.000506527692891
0.000509020941897
0.000511510643445
0.000514003280075
0.000516492263038
0.000518977557833
0.000521465663039
0.000523949988539
0.000526437046615
0.00052892023205
0.000531406066957
0.000533887927627
0.000536372366367
0.000538852784785
0.00054132917527
0.000543808105647
0.000546282958183
0.000548760272984
0.000551233366996
0.000553708773895
0.000556179821836
0.000558653099719
0.000561121936781
0.000563592929386
0.00056605938665
0.000568527908702
0.000570991804552
0.000573457695345
0.000575918867006
0.000578381947601
0.00058084690944
0.000583307014421
0.000585768928955
0.000588225907488
0.000590684624726
0.000593138324865
0.000595593691084
0.000598043959926
0.000600495824963
0.000602942514805
0.000605390738989
0.000607840467919
0.000610284900325
0.000612730771841
0.00061517126886
0.000617613093466
0.000620056237126
0.000622493993068
0.000624933191663
0.000627366988313
0.00062980218797
0.000632231943754
0.000634663052015
0.000637095489862
0.000639522377206
0.000641950530793
0.000644373044642
0.000646796736463
0.000649214698982
0.000651633759801
0.000654053883677
0.000656468139997
0.000658883390343
0.00066129270095
0.000663702944207
0.000666107174829
0.000668512264377
0.000670911274357
0.000673311091613
0.000675711692016
0.000678106108312
0.0006805012473
0.000682890138733
0.000685279704479
0.000687662971869
0.000690046863486
0.000692431357872
0.000694809458713
0.000697188117155
0.000699560335095
0.000701933065959
0.000704306292383
0.000706672998912
0.000709040155389
0.000711407756365
0.000713768817801
0.000716130380289
0.000718492432025
0.000720847912602
0.000723203860475
0.00072555320455
0.000727902979954
0.000730253170306
0.00073259667833
0.000734940563415
0.000737277727434
0.00073961523899
0.00074195308783
0.00074428415693
0.000746615538123
0.000748947218489
0.000751272056619
0.000753597173289
0.000755915427727
0.00075823394596
0.000760552721429
0.000762864589465
0.000765176698569
0.000767481882098
0.000769787291488
0.000772092919909
0.000774391577682
0.000776690441226
0.00077898950518
0.000781281556738
0.000783573796811
0.000785859010192
0.000788144399705
0.000790429961527
0.000792708458998
0.000794987120358
0.000797265942013
0.000799537663554
0.00080180953842
0.00080407430407
0.000806339218076
0.000808604281438
0.000810862209466
0.000813120281157
0.00081537849303
0.000817629533973
0.000819880707939
0.00082213201692
0.000824376132854
0.000826620384163
0.000828857429112
0.000831094598495
0.000833331889467
0.000835561942228
0.00083779211605
0.000840022409625
0.00084224543725
0.000844468585195
0.000846691857093
0.000848907843939
0.000851123956434
0.000853340195801
0.000855549128062
0.000857758193249
0.000859967388911
0.000862169246789
0.000864371231654
0.000866573347792
0.000868768107992
0.000870963005026
0.000873158041717
0.000875345703212
0.000877533509079
0.000879721462039
0.00088190956519
0.000884090249879
0.000886271090229
0.000888452089665
0.00089062565213
0.000892799379615
0.000894973274785
0.000897139711976
0.000899306322255
0.000901473110734
0.000903632424767
0.000905791923826
0.000907951610326
0.000910111487033
0.000912263844035
0.000914416400317
0.000916569160602
0.000918714385627
0.000920859824773
0.0009230054839
0.000925143592913
0.000927281929714
0.000929420497333
0.000931559294667
0.000933690486547
0.000935821917039
0.000937953596815
0.0009400776652
0.000942201994279
0.000944326590416
0.000946451459813
0.000948568679122
0.000950686182242
0.000952803974561
0.000954914099704
0.000957024525332
0.000959135260052
0.000961246313839
0.000963349665856
0.000965453350055
0.000967557375228
0.000969653686293
0.000971750351586
0.000973847378592
0.000975944776079
0.000978034371096
0.000980124253837
0.000982214486796
0.000984305143906
0.000986388043843
0.000988471375955
0.000990555144642
0.000992631145932
0.000994707643053
0.000996784633371
0.000998862115397
0.00100093178884
0.00100300197177
0.00100507267269
0.00100714390191
0.00100920727545
0.00101127118003
0.00101333562831
0.00101539220501
0.00101744934532
0.0010195070598
0.0010215653597
0.00102361574654
0.0010256667351
0.00102771833834
0.00102977056866
0.00103181484442
0.00103385976025
0.00103590532574
0.00103795155027
0.00103998977049
0.00104202866693
0.00104406825029
0.00104609981038
0.00104813207214
0.00105016504775
0.00105219875058
0.0010542243839
0.00105625076137
0.00105827789503
0.0010603057972
0.00106232558071
0.00106434614933
0.00106636751239
0.00106838073334
0.00107039477092
0.00107240963889
0.00107442534872
0.0010764328667
0.00107844124104
0.0010804504827
0.00108246059923
0.00108446245589
0.00108646520309
0.00108846885787
0.0010904734337
0.00109246969909
0.00109446690308
0.00109646505388
0.00109846415858
0.00110045488529
0.00110244659148
0.00110443928983
0.00110643299239
0.00110841825897
0.00111040455168
0.00111239188418
0.00111438027067
0.00111636016203
0.00111834112834
0.00112032317287
0.00112230631095
0.00112428088254
0.00112625656955
0.00112823338171
0.00113021133199
0.00113219043362
0.00113416084477
0.00113613242204
0.0011381051787
0.00114007912689
0.0011420443007
0.00114401068046
0.00114597828018
0.00114794711368
0.00114991719474
0.00115187837187
0.00115384081002
0.00115580452242
0.00115776952263
0.00115973582812
0.00116169309787
0.00116365168937
0.00116561161232
0.0011675728787
0.00116953550242
0.00117148893501
0.00117344373783
0.00117539992506
0.00117735750858
0.00117931649947
0.00118127691338
0.00118322792189
0.00118518036507
0.00118713425605
0.00118908960636
0.00119104643247
0.00119299368504
0.00119494242749
0.00119689267041
0.00119884442799
0.00120079771608
0.00120275254757
0.00120469755197
0.00120664410843
0.00120859224126
0.00121054196119
0.00121249327403
0.00121444618967
0.0012163890128
0.0012183334471
0.00122027950207
0.00122222718879
0.00122417652447
0.00122612752309
0.00122808019424
0.00123002240813
0.00123196630536
0.00123391189457
0.0012358591807
0.00123780817752
0.00123975889939
0.00124171135879
0.00124365295893
0.00124559630501
0.00124754140933
0.00124948828709
0.00125143695114
0.00125338741337
0.00125533968548
0.00125728065841
0.00125922344235
0.00126116804918
0.0012631144936
0.00126506279065
0.00126701295082
0.00126896498811
0.00127091891809
0.00127287475137
0.00127481860493
0.00127676435625
0.00127871202149
0.00128066161235
0.00128261313897
0.00128456661639
0.00128652205723
0.00128846496608
0.0012904098355
0.00129235667751
0.00129430550298
0.00129625632182
0.00129820914985
0.00130016400722
0.00130212090371
0.00130406453619
0.00130601019981
0.00130795790599
0.0013099076641
0.00131185948806
0.00131381339017
0.0013157693804
0.00131772747332
0.00131967147183
0.00132161755696
0.00132356574307
0.00132551604501
0.00132746847343
0.00132942304078
0.00133137975703
0.00133333863299
0.00133529968648
0.00133726293207
0.00133921081292
0.00134116085261
0.0013431130715
0.00134506749193
0.00134702412818
0.00134898299106
0.00135094408762
0.00135290742377
0.00135487301151
0.00135684086599
0.00135879186279
0.00136074509155
0.00136270053822
0.00136465821946
0.00136661816921
0.00136858041269
0.00137054496725
0.00137251184686
0.00137448106416
0.00137645262899
0.00137842654913
0.00138040283216
0.00138235996756
0.00138431943386
0.00138628124141
0.0013882454005
0.0013902119198
0.00139218080802
0.00139415207482
0.00139612573024
0.00139810178492
0.00140008024961
0.00140206113439
0.00140404444918
0.00140603020431
0.00140799354232
0.00140995928021
0.00141192742836
0.00141389799689
0.00141587099538
0.00141784643317
0.00141982432058
0.00142180466805
0.0014237874851
0.00142577278175
0.00142776056886
0.00142975085699
0.0014317436562
0.0014337389765
0.00143573682761
0.00143773721945
0.00143974016193
0.00144171430872
0.0014436909461
0.00144567008412
0.00144765173153
0.00144963589737
0.00145162259149
0.00145361182415
0.0014556036064
0.00145759794893
0.00145959486068
0.00146159435044
0.00146359642743
0.00146560110079
0.00146760837967
0.0014696182726
0.00147163078803
0.0014736459356
0.00147566372501
0.0014776841656
0.00147970726669
0.00148173303737
0.00148376148679
0.0014857926237
0.00148782645634
0.00148981329001
0.00149180270849
0.00149379471984
0.00149578933005
0.00149778654725
0.00149978637988
0.00150178883625
0.00150379392497
0.00150580165426
0.00150781203247
0.00150982506772
0.00151184076748
0.00151385913968
0.00151588019337
0.001517903937
0.00151993037851
0.00152195952591
0.0015239913871
0.00152602597013
0.00152806328364
0.00153010333612
0.00153214613537
0.00153419168908
0.00153624000478
0.00153829108991
0.0015403449522
0.00154240159914
0.00154446103821
0.0015465232772
0.001548588324
0.00155065618649
0.0015527268723
0.00155480038899
0.001556876744
0.0015589559452
0.00156103800086
0.00156312291795
0.00156521070279
0.00156730136247
0.00156939490445
0.001571491336
0.00157354699238
0.0015756054339
0.00157766400306
0.00157972536375
0.00158178685103
0.00158384846404
0.00158591287376
0.00158797740731
0.00159004474105
0.00159211219149
0.00159418244605
0.00159625281944
0.00159832600588
0.00160039931113
0.00160247273391
0.00160454897451
0.00160662533002
0.00160870450847
0.00161078379983
0.00161286591835
0.00161494814567
0.00161703048077
0.00161911564675
0.00162120091809
0.00162328902513
0.00162537723637
0.00162746828852
0.00162955944077
0.00163165343868
0.00163374753468
0.00163584447973
0.00163794151812
0.00164003864811
0.00164213862823
0.00164423865734
0.00164634146547
0.00164844431511
0.00165055001304
0.00165265578312
0.00165476440951
0.00165687310914
0.00165898467282
0.00166109630733
0.0016632108097
0.00166532537933
0.0016674428206
0.00166956032474
0.00167168070341
0.00167380114025
0.0016759216305
0.0016780450069
0.00168016845322
0.0016822947706
0.00168442111576
0.00168655033195
0.00168867958409
0.00169081171633
0.00169294388047
0.00169507892541
0.00169721399573
0.00169935194866
0.00170148992112
0.00170363077876
0.00170577165096
0.00170791541008
0.00171005917834
0.00171220583614
0.00171435249654
0.00171650204761
0.00171865159173
0.00172080402038
0.0017229564329
0.00172511173519
0.00172726701769
0.00172942519167
0.00173158334103
0.00173374440497
0.00173590546654
0.00173806942406
0.00174023332981
0.00174240012299
0.00174456686233
0.00174673649087
0.00174890605979
0.00175107851987
0.00175325091399
0.00175542620052
0.00175760141298
0.00175977951474
0.00176195753205
0.00176413843948
