0
-1.67189440934e-09
-2.99201345901e-08
-1.25363600482e-07
-3.09055052435e-07
-5.7903289625e-07
-8.4887047282e-07
-1.11730684382e-06
-1.38502929876e-06
-1.65325986488e-06
-1.92038319665e-06
-2.19284292152e-06
-2.46580251555e-06
-2.74197486461e-06
-3.02418018203e-06
-3.30822706235e-06
-3.59696735812e-06
-3.89331397546e-06
-4.1900126779e-06
-4.48994107516e-06
-4.79270664121e-06
-5.09784944827e-06
-5.40490287329e-06
-5.71681718232e-06
-6.03030946472e-06
-6.34821711084e-06
-6.66715863202e-06
-6.98999259741e-06
-7.31651076901e-06
-7.64650960552e-06
-7.98295219698e-06
-8.32254607614e-06
-8.66510193245e-06
-9.01365191083e-06
-9.36811835763e-06
-9.72510348254e-06
-1.00877421073e-05
-1.04559547732e-05
-1.08296563318e-05
-1.12087611434e-05
-1.15931811845e-05
-1.19828260716e-05
-1.23776033057e-05
-1.27774169146e-05
-1.31821692e-05
-1.3595557863e-05
-1.40137680147e-05
-1.44366916297e-05
-1.48682201702e-05
-1.53043265546e-05
-1.57490523924e-05
-1.61982031306e-05
-1.66559694514e-05
-1.71179818918e-05
-1.75885949499e-05
-1.8063280922e-05
-1.85419098997e-05
-1.90243523098e-05
-1.95104772277e-05
-2.00001519873e-05
-2.04932442908e-05
-2.09896178417e-05
-2.14891343753e-05
-2.19965314288e-05
-2.25068637606e-05
-2.30199968098e-05
-2.35408417154e-05
-2.40642677311e-05
-2.45953341604e-05
-2.51287612939e-05
-2.56697542306e-05
-2.62128757442e-05
-2.67634693553e-05
-2.73159407777e-05
-2.78757859621e-05
-2.84372643969e-05
-2.90060168317e-05
-2.95820636418e-05
-3.01593696909e-05
-3.07438493992e-05
-3.13355142057e-05
-3.19343743898e-05
-3.2533950784e-05
-3.31405784195e-05
-3.3754263561e-05
-3.43750150083e-05
-3.49959011843e-05
-3.56237084322e-05
-3.62513482752e-05
-3.68857594764e-05
-3.75196998562e-05
-3.81530242955e-05
-3.87928177345e-05
-3.94316969511e-05
-4.00768861793e-05
-4.07208476326e-05
-4.13709510856e-05
-4.20195220132e-05
-4.26664279928e-05
-4.33191669335e-05
-4.39777327226e-05
-4.46341738905e-05
-4.52962860535e-05
-4.59559787423e-05
-4.66211820212e-05
-4.72836682519e-05
-4.79515028739e-05
-4.86163283569e-05
-4.92863409207e-05
-4.99615251801e-05
-5.06332212976e-05
-5.13099282953e-05
-5.19916319146e-05
-5.26693663501e-05
-5.33519355761e-05
-5.403932186e-05
-5.47222448906e-05
-5.54098173022e-05
-5.61020208412e-05
-5.67892624174e-05
-5.74809743372e-05
-5.81771382559e-05
-5.88777372017e-05
-5.95726484464e-05
-6.02718241924e-05
-6.09752367109e-05
-6.16828614607e-05
-6.23840159092e-05
-6.30892025146e-05
-6.37984025326e-05
-6.45116002454e-05
-6.52175400565e-05
-6.59273137209e-05
-6.66408994323e-05
-6.73582754612e-05
-6.80794179957e-05
-6.88043033088e-05
-6.95205283952e-05
-7.02403248316e-05
-7.09636707947e-05
-7.16905451184e-05
-7.24078490035e-05
-7.31285055774e-05
-7.3852490224e-05
-7.45662794245e-05
-7.52832244497e-05
-7.60033001622e-05
-7.67264797912e-05
-7.74384661449e-05
-7.8153391202e-05
-7.88712381239e-05
-7.95919828767e-05
-8.03155989354e-05
-8.10265754393e-05
-8.17402572791e-05
-8.24566246267e-05
-8.31756574668e-05
-8.3897333003e-05
-8.46216275177e-05
-8.53311819729e-05
-8.604318983e-05
-8.67576293401e-05
-8.74744792161e-05
-8.81937174622e-05
-8.89153219872e-05
-8.96392704384e-05
-9.03453405413e-05
-9.1053593927e-05
-9.17640031037e-05
-9.24765413297e-05
-9.31911849425e-05
-9.39079103307e-05
-9.46266944631e-05
-9.53475158567e-05
-9.60703558717e-05
-9.67951929614e-05
-9.74950489199e-05
-9.81967112222e-05
-9.89001587356e-05
-9.96053721642e-05
-0.000100312330584
-0.00010102101306
-0.000101731398983
-0.000102443467296
-0.000103157196936
-0.000103872567141
-0.000104589559354
-0.000105308155475
-0.000105983276701
-0.000106659767328
-0.000107337610028
-0.0001080167904
-0.000108697291271
-0.000109379095329
-0.000110062185297
-0.000110746542942
-0.000111432150661
-0.000112118990989
-0.000112807046277
-0.000113496299128
-0.000114186732182
-0.000114878327345
-0.000115571065658
-0.000116264928186
-0.00011694401345
-0.000117622403258
-0.000118300080931
-0.000118977030221
-0.000119653230894
-0.000120328662745
-0.000121001589622
-0.00012167371601
-0.000122345025594
-0.000123015502247
-0.00012368512981
-0.000124353892039
-0.00012502177299
-0.000125688757493
-0.000126354830955
-0.000127019979067
-0.00012768418773
-0.000128347443201
-0.000129009731912
-0.000129671040141
-0.000130331354492
-0.00013099066224
-0.000131650631291
-0.000132309564508
-0.00013296744997
-0.000133624275655
-0.000134280030722
-0.000134934704984
-0.000135588288051
-0.000136240769358
-0.000136892137948
-0.000137542382881
-0.00013819149381
-0.000138839460968
-0.000139486275532
-0.000140133580946
-0.000140779710101
-0.000141424653269
-0.000142068400923
-0.000142710944479
-0.000143352275769
-0.000143992386534
-0.000144632907381
-0.000145272185215
-0.000145910211823
-0.000146546978865
-0.000147184112186
-0.000147819963235
-0.000148454524462
-0.000149087788531
-0.00014972137771
-0.000150353649254
-0.000150984596167
-0.000151614211547
-0.000152244112872
-0.000152872663399
-0.000153499856718
-0.000154127307733
-0.000154753381134
-0.000155378070421
-0.000156001369429
-0.000156624887825
-0.000157246996758
-0.000157867690734
-0.000158488577338
-0.000159108030434
-0.000159726043976
-0.000160344222142
-0.000160960941665
-0.000161576196922
-0.000162191589514
-0.000162805499671
-0.00016341952977
-0.000164032059444
-0.000164643083987
-0.000165254202788
-0.000165863799297
-0.000166473473727
-0.000167081608876
-0.000167689804786
-0.000168296443773
-0.00016890312887
-0.000169508245205
-0.000170111787122
-0.000170715349079
-0.000171317316405
-0.000171919285872
-0.000172519643485
-0.000173119985007
-0.000173718696995
-0.00017431737704
-0.000174914412827
-0.00017551140201
-0.000176106731419
-0.000176701996832
-0.000177295585691
-0.000177889094047
-0.000178480908978
-0.000179072625706
-0.000179664235762
-0.0001802541239
-0.000180843889687
-0.000181431917919
-0.000182019807011
-0.000182605942823
-0.000183191923291
-0.000183776135021
-0.000184360175111
-0.000184942431581
-0.00018552450141
-0.000186106376431
-0.000186686441507
-0.000187266295876
-0.000187844326393
-0.000188422129054
-0.000188999695013
-0.000189575412995
-0.000190150884504
-0.000190724493229
-0.000191297838738
-0.00019186930798
-0.000192440499611
-0.000193011405709
-0.000193580411403
-0.00019414911676
-0.00019471590704
-0.000195282379277
-0.000195846920489
-0.000196411126597
-0.000196974989123
-0.000197536895721
-0.000198098446142
-0.000198658030419
-0.00019921724617
-0.000199774484437
-0.000200331339924
-0.000200886206526
-0.000201440677426
-0.000201994745239
-0.000202546803163
-0.000203098445649
-0.000203648068157
-0.000204197263086
-0.000204744428475
-0.000205291154047
-0.000205837432528
-0.000206381661484
-0.000206925431799
-0.000207467143756
-0.000208008385448
-0.000208549149651
-0.000209087836195
-0.000209626033406
-0.000210163734105
-0.000210699338427
-0.000211234435724
-0.000211769019227
-0.000212301488969
-0.000212833435117
-0.000213363261247
-0.000213892554276
-0.000214421307408
-0.00021494792379
-0.000215473990295
-0.000215997913712
-0.000216521277625
-0.000217044075704
-0.000217564715955
-0.000218084782725
-0.000218604270432
-0.000219121587814
-0.000219638319187
-0.0002201528771
-0.000220666842542
-0.000221180210582
-0.00022169139464
-0.00022220197528
-0.000222710369812
-0.000223218155146
-0.000223725326486
-0.00022423030205
-0.000224734658088
-0.00022523838997
-0.000225739917102
-0.000226240815149
-0.000226739507628
-0.000227237566505
-0.000227734987595
-0.000228230195678
-0.000228724761726
-0.000229218681629
-0.000229710381442
-0.000230201431106
-0.000230690260778
-0.000231178436288
-0.000231665953707
-0.000232151244704
-0.00023263587396
-0.000233119837759
-0.000233601570026
-0.000234082635182
-0.000234563029626
-0.000235041187964
-0.00023551867268
-0.000235993923383
-0.000236468497987
-0.000236942392931
-0.000237414049464
-0.000237885024348
-0.000238355314355
-0.000238823362538
-0.000239290724059
-0.000239757395747
-0.000240221822669
-0.000240685558719
-0.000241148601051
-0.00024160939669
-0.000242069497965
-0.0002425289017
-0.000242986056131
-0.000243442511885
-0.000243898266556
-0.000244351770985
-0.00024480457392
-0.00024525667268
-0.000245706520076
-0.000246155663101
-0.000246604099259
-0.000247051826136
-0.000247497295821
-0.000247942056354
-0.000248386105207
-0.000248827896392
-0.00024926897599
-0.000249709341851
-0.000250147450609
-0.000250584846517
-0.00025102152712
-0.000251455950638
-0.00025188965907
-0.000252322650082
-0.000252754921235
-0.000253184930354
-0.000253614220372
-0.000254042789043
-0.000254469096583
-0.000254894683964
-0.000255319549217
-0.000255742154933
-0.000256164039844
-0.00025658520236
-0.000257005640805
-0.000257423816922
-0.000257841270133
-0.000258257998542
-0.000258672466488
-0.000259086211267
-0.000259499231132
-0.000259911524324
-0.000260321554698
-0.00026073086033
-0.00026113943958
-0.000261545758957
-0.000261951354353
-0.000262356224157
-0.000262760366685
-0.000263162247787
-0.000263563403938
-0.000263963833577
-0.000264362005123
-0.00026475945272
-0.000265156174792
-0.000265552169789
-0.000265945904607
-0.000266338912596
-0.000266731192347
-0.000267122744759
-0.000267512038691
-0.000267900607472
-0.000268288448029
-0.000268674029472
-0.000269058884228
-0.000269443011809
-0.000269826411176
-0.000270207551804
-0.000270587967549
-0.000270967657014
-0.000271346618775
-0.000271723321492
-0.000272099299391
-0.00027247455077
-0.000272847546563
-0.000273219818268
-0.000273591364573
-0.000273962184196
-0.000274330748076
-0.000274698588859
-0.000275065705055
-0.000275432094961
-0.000275796228822
-0.000276159639999
-0.000276522327278
-0.000276884289554
-0.000277243996541
-0.00027760298238
-0.000277961246026
-0.00027831726008
-0.000278672556195
-0.000279027133398
-0.000279380990646
-0.00027973259977
-0.000280083493274
-0.000280433670368
-0.00028078313026
-0.000281130343862
-0.000281476844142
-0.000281822629977
-0.000282166175615
-0.000282509012567
-0.000282851140121
-0.000283192557049
-0.000283531736171
-0.000283870209323
-0.000284207975669
-0.000284545034847
-0.000284879859359
-0.00028521398193
-0.000285547401306
-0.000285880116282
-0.000286210597251
-0.000286540377861
-0.000286869456551
-0.000287197831527
-0.000287523971863
-0.000287849412666
-0.000288174152587
-0.000288498190125
-0.000288819993663
-0.000289141099898
-0.000289461507951
-0.000289781216937
-0.000290098694615
-0.000290415479764
-0.000290731571581
-0.000291046969405
-0.000291360139483
-0.000291672621236
-0.000291984413601
-0.000292295515552
-0.000292605926151
-0.000292914105328
-0.000293221598211
-0.000293528403763
-0.000293834520963
-0.0002941384081
-0.00029444161207
-0.000294744131981
-0.000295045966986
-0.000295347116242
-0.000295646031943
-0.000295944267397
-0.00029624182172
-0.000296538694055
-0.000296834883815
-0.000297128836935
-0.000297422113267
-0.000297714711885
-0.000298006632014
-0.000298297872856
-0.000298586873166
-0.000298875199757
-0.000299162851839
-0.000299449828486
-0.000299736128699
-0.000300021751478
-0.000300305123377
-0.000300587823432
-0.000300869850909
-0.000301151205129
-0.000301431885851
-0.000301710312837
-0.00030198807305
-0.000302265165629
-0.000302541590073
-0.000302817345831
-0.000303092431987
-0.000303365254124
-0.000303637412472
-0.000303908905709
-0.000304179732682
-0.000304449892644
-0.000304719384915
-0.000304986601035
-0.000305253156332
-0.000305519050422
-0.000305784282441
-0.00030604885129
-0.000306312755682
-0.000306575994544
-0.0003068369383
-0.000307097223156
-0.000307356847994
-0.00030761581169
-0.000307874113642
-0.000308131752813
-0.000308388727719
-0.000308643386355
-0.000308897388286
-0.000309150733034
-0.000309403420505
-0.000309655450167
-0.000309906821346
-0.000310157533132
-0.000310405908302
-0.00031065363078
-0.00031090069977
-0.000311147114199
-0.000311392872978
-0.000311637975252
-0.00031188242009
-0.000312126206431
-0.000312369333367
-0.00031261008275
-0.000312850180356
-0.000313089625387
-0.000313328417025
-0.000313566554365
-0.000313804036526
-0.000314040862657
-0.000314275284945
-0.00031450905926
-0.000314742184737
-0.000314974660611
-0.000315206486121
-0.000315437660376
-0.000315668182426
-0.000315898051304
-0.000316125477912
-0.000316352259834
-0.000316578396274
-0.000316803886493
-0.000317028729681
-0.000317252924912
-0.000317476471444
-0.000317699368557
-0.000317919781388
-0.000318139553959
-0.000318358685469
-0.000318577175124
-0.000318795022141
-0.000319012225783
-0.000319228785237
-0.000319444699654
-0.000319659968279
-0.000319874590372
-0.000320086663196
-0.000320298110011
-0.000320508924309
-0.000320719100478
-0.000320928636955
-0.000321137532313
-0.000321345786387
-0.000321553399079
-0.000321760369697
-0.000321966697314
-0.000322170387416
-0.000322373440241
-0.000322575848853
-0.000322777614369
-0.000322978738803
-0.000323179222704
-0.000323379066993
-0.000323578271937
-0.00032377683789
-0.00032397476497
-0.000324172053284
-0.000324368702846
-0.000324562586296
-0.000324755844349
-0.000324948477055
-0.000325140484363
-0.000325331865945
-0.000325522621416
-0.000325712750398
-0.00032590225244
-0.000326091127021
-0.000326279373643
-0.000326466991903
-0.000326653981503
-0.000326840342184
-0.000327023755955
-0.000327206556009
-0.000327388742018
-0.000327570313601
-0.000327751270443
-0.000327931612206
-0.00032811133864
-0.000328290449598
-0.00032846894491
-0.000328646824427
-0.000328824088035
-0.000329000735613
-0.000329176766994
-0.000329352181976
-0.000329526980339
-0.000329701161899
-0.000329874726544
-0.000330044976608
-0.000330214628674
-0.000330383682546
-0.000330552137982
-0.000330719994774
-0.000330887252648
-0.000331053911211
-0.000331219970274
-0.00033138542999
-0.000331550290473
-0.000331714551694
-0.000331878213611
-0.000332041276166
-0.000332203739299
-0.000332365603024
-0.000332526867392
-0.00033268753234
-0.000332847597764
-0.000333007063606
-0.000333165929803
-0.000333324196444
-0.000333481863636
-0.000333638931358
-0.000333795399616
-0.000333947473756
-0.00033409897702
-0.000334249909184
-0.000334400269966
-0.000334550059145
-0.000334699276543
-0.000334847922058
-0.000334995995636
-0.000335143497214
-0.000335290426726
-0.000335436784098
-0.000335582569251
-0.000335727782132
-0.000335872422712
-0.000336016490942
-0.000336159986783
-0.000336302910214
-0.000336445261237
-0.00033658703986
-0.000336728246114
-0.000336868880049
-0.000337008941649
-0.000337148430862
-0.000337287347782
-0.000337425692578
-0.000337563465225
-0.000337700665665
-0.000337837293883
-0.000337973349778
-0.00033810883326
-0.000338243744293
-0.000338378082856
-0.000338511848919
-0.000338645042456
-0.000338777663096
-0.000338909710297
-0.000339041184087
-0.000339172084722
-0.000339302412309
-0.000339432166926
-0.000339561348611
-0.00033968728961
-0.000339812681246
-0.000339937362486
-0.000340061495648
-0.000340184921261
-0.000340307641601
-0.000340429816549
-0.000340551288812
-0.000340672216766
-0.000340792444313
-0.00034091212861
-0.000341031115275
-0.000341149560022
-0.000341267309891
-0.000341384367208
-0.000341500885498
-0.000341616714141
-0.0003417320052
-0.000341846609431
-0.000341960677531
-0.000342074061663
-0.00034218676414
-0.000342298933318
-0.000342410423602
-0.000342521381985
-0.000342631664315
-0.000342741416218
-0.000342850494831
-0.000342959044154
-0.000343066922662
-0.000343174273191
-0.000343280955779
-0.000343386972703
-0.000343492464598
-0.000343597294667
-0.000343701602664
-0.000343805250909
-0.000343908376062
-0.000344010842833
-0.000344112787494
-0.000344214076404
-0.000344314844493
-0.000344414959434
-0.000344514554699
-0.000344613499182
-0.000344711924966
-0.000344809702429
-0.000344906962386
-0.000345003576648
-0.000345099547289
-0.000345195005005
-0.000345289825992
-0.000345384135743
-0.000345477807971
-0.00034557096825
-0.000345663493306
-0.000345755507912
-0.000345846890044
-0.000345937762569
-0.000346028004751
-0.000346117738282
-0.000346206843944
-0.000346295442104
-0.000346383415046
-0.000346470881939
-0.000346557726335
-0.000346644065789
-0.000346729785122
-0.000346815000635
-0.000346899598845
-0.000346983695107
-0.000347067177159
-0.000347150158698
-0.000347232528831
-0.000347314399895
-0.00034739566223
-0.000347476424624
-0.000347556576796
-0.000347636230036
-0.000347715278714
-0.000347793831145
-0.000347871781986
-0.000347949238148
-0.000348026095368
-0.000348102459117
-0.000348178226388
-0.000348253501278
-0.000348328182315
-0.000348402372455
-0.00034847597123
-0.000348549079967
