-2.4920162578e-06
-1.57198084485e-05
-5.02867117592e-05
-0.000118125998811
-0.000232292546223
-0.000389525034092
-0.000540795607697
-0.000688673170486
-0.000833791357563
-0.000977267669392
-0.00111819638274
-0.0012599949732
-0.00140009650012
-0.00153992374954
-0.00168084741411
-0.00182078262764
-0.00196112811897
-0.00210326550781
-0.00224371807453
-0.00238389721824
-0.00252363557148
-0.00266279011526
-0.0028012385671
-0.00294028149255
-0.00307840073124
-0.00321687652737
-0.00335426128602
-0.0034918079332
-0.00362943310522
-0.00376705952234
-0.00390591268393
-0.00404462585431
-0.00418313585984
-0.00432266289943
-0.00446315519086
-0.00460326683913
-0.00474422863131
-0.00488599377965
-0.00502851668271
-0.00517175284936
-0.0053156588916
-0.00546019250528
-0.00560531244184
-0.00575097849435
-0.00589715146862
-0.00604514678408
-0.00619358126716
-0.00634241766019
-0.00649300919251
-0.0066439368158
-0.00679658648184
-0.00694950712946
-0.00710411707518
-0.00725893356995
-0.00741540697397
-0.00757202316522
-0.00772874955431
-0.00788555445276
-0.00804240707402
-0.00819927752088
-0.00835613674417
-0.00851295653003
-0.00866970948716
-0.00882788213194
-0.00898593301702
-0.00914383640235
-0.00930310524134
-0.00946217330013
-0.00962258020028
-0.00978273359528
-0.00994419950744
-0.0101053597348
-0.0102678064305
-0.0104298958176
-0.0105932459303
-0.0107561876958
-0.0109203647905
-0.011085777191
-0.01125070057
-0.0114168338968
-0.0115841771587
-0.0117527303429
-0.0119206810771
-0.0120898161174
-0.0122601354792
-0.0124316391852
-0.0126024231641
-0.0127743656864
-0.0129455370942
-0.0131178415452
-0.0132893240645
-0.0134599690513
-0.0136316971639
-0.0138025385747
-0.0139744386999
-0.0141454035733
-0.0143174031089
-0.0144884193925
-0.0146584404397
-0.0148294490934
-0.01500144545
-0.0151723644878
-0.0153442480901
-0.0155150081107
-0.0156867097933
-0.0158572421372
-0.0160286934378
-0.016198930111
-0.0163700633609
-0.0165420933491
-0.0167128256332
-0.0168844322904
-0.0170569134222
-0.0172280121592
-0.0173999630181
-0.0175727661025
-0.0177441005046
-0.0179162647652
-0.0180892589844
-0.018260696491
-0.0184329415624
-0.0186059942934
-0.0187798547647
-0.0189520221109
-0.019124974453
-0.0192987118772
-0.0194732344605
-0.0196459199841
-0.0198193676106
-0.0199935774674
-0.0201685496532
-0.0203415325501
-0.0205152543461
-0.0206897151399
-0.0208649150246
-0.0210408541015
-0.0212175324691
-0.0213919369805
-0.0215670561192
-0.0217428899664
-0.0219194385892
-0.022093530363
-0.022268311723
-0.0224437827229
-0.0226166749309
-0.0227902316186
-0.0229644528614
-0.0231393387244
-0.0233114407391
-0.0234841817665
-0.0236575618948
-0.0238315811755
-0.0240062396412
-0.0241778009374
-0.0243499746148
-0.0245227607534
-0.0246961594246
-0.0248701706854
-0.025044794591
-0.0252158517929
-0.0253874929516
-0.025559718125
-0.0257325273646
-0.0259059207234
-0.0260798982541
-0.026254460005
-0.0264247329317
-0.0265955580795
-0.0267669354806
-0.0269388651496
-0.027111347088
-0.027284381315
-0.0274579678635
-0.0276321067908
-0.0278067981544
-0.0279820419806
-0.0281513174426
-0.0283211051945
-0.028491405229
-0.0286622175411
-0.0288335421397
-0.0290053790338
-0.0291777282294
-0.029350589732
-0.029523963545
-0.0296978496764
-0.029872248132
-0.0300471589169
-0.030211603096
-0.0303764976093
-0.0305418424606
-0.0307076376415
-0.0308738831577
-0.0310405790139
-0.0312077252115
-0.0313753217524
-0.0315433686349
-0.0317118658556
-0.0318808134088
-0.0320502112852
-0.0322200594749
-0.032390357972
-0.0325611067659
-0.0327323058415
-0.0329000300349
-0.0330677546424
-0.03323547747
-0.0334031963352
-0.0335709090597
-0.033738613482
-0.0339058802337
-0.0340731345016
-0.0342403742073
-0.0344075972873
-0.0345748016911
-0.0347419853832
-0.0349091463448
-0.0350762825697
-0.0352433920648
-0.0354104728539
-0.0355775229763
-0.0357445404851
-0.0359115234504
-0.0360784699607
-0.0362453781214
-0.0364122460569
-0.0365794979718
-0.0367467057224
-0.0369138674615
-0.0370809813584
-0.0372480455924
-0.037415058355
-0.0375820178513
-0.0377489222966
-0.037915769921
-0.0380825589707
-0.038249287706
-0.0384159544024
-0.0385825573686
-0.0387495213169
-0.0389164178172
-0.0390832451708
-0.0392500017018
-0.0394166857458
-0.0395832956515
-0.0397498297827
-0.0399167137777
-0.040083518362
-0.0402502419365
-0.0404168829168
-0.040583868339
-0.0407507675906
-0.0409175791124
-0.0410843013573
-0.0412513626878
-0.0414183312008
-0.0415852053747
-0.0417519837007
-0.041919095812
-0.0420861085764
-0.0422530205111
-0.0424202627226
-0.042587400633
-0.042754432785
-0.0429213577351
-0.0430886077609
-0.0432557471562
-0.0434227745033
-0.0435901234852
-0.0437573570168
-0.0439244737097
-0.0440919086285
-0.0442592233347
-0.0444264164625
-0.0445939244254
-0.0447613074591
-0.0449290036299
-0.0450965715309
-0.0452640098342
-0.0454317579128
-0.045599373073
-0.0457672963211
-0.0459350833398
-0.0461031767653
-0.0462711306666
-0.0464393893081
-0.0466075051401
-0.0467754768975
-0.0469437500757
-0.0471118759061
-0.047280301493
-0.0474485764718
-0.0476171495469
-0.0477855687582
-0.0479542844014
-0.0481228429268
-0.0482916962194
-0.0484603891497
-0.0486293751959
-0.0487981976503
-0.0489673115732
-0.0491362586904
-0.049305495642
-0.0494750223927
-0.049644377055
-0.04981401987
-0.0499834873862
-0.0501532414219
-0.050322816961
-0.0504926773874
-0.0506623561259
-0.0508323181245
-0.0510020952518
-0.0511721540087
-0.0513424943552
-0.0515126445341
-0.0516830746731
-0.0518533114646
-0.0520238266115
-0.0521946201361
-0.0523652151165
-0.0525360868521
-0.0527067568449
-0.0528777019701
-0.0530484421878
-0.0532194559041
-0.0533907430708
-0.0535618199863
-0.0537331687085
-0.0539043040031
-0.0540757095074
-0.0542468984941
-0.0544183561284
-0.0545900823812
-0.0547615868137
-0.0549333582446
-0.055104904707
-0.0552767165484
-0.0554483002865
-0.0556201477933
-0.0557917640679
-0.0559636424954
-0.0561357830239
-0.0563076869477
-0.0564798513503
-0.0566517760181
-0.0568239595469
-0.0569959002222
-0.0571680981492
-0.057340553275
-0.0575127601661
-0.0576852226497
-0.0578574337952
-0.0580298989321
-0.0582026180084
-0.0583750803534
-0.0585477950873
-0.0587207622168
-0.0588934672948
-0.0590664231322
-0.0592396296737
-0.0594125686998
-0.0595857568133
-0.0597586743091
-0.0599318392843
-0.0601052516811
-0.060278387999
-0.0604517701341
-0.0606248731005
-0.0607982202853
-0.0609718116434
-0.0611451183938
-0.0613186677684
-0.0614924597373
-0.061665961685
-0.0618397046856
-0.0620131546476
-0.0621868441269
-0.0623607730947
-0.0625344035968
-0.062708272054
-0.0628818390417
-0.0630556424567
-0.0632296822711
-0.0634034151731
-0.0635773829474
-0.063751585566
-0.063925475808
-0.0640995993681
-0.0642734075607
-0.0644474475505
-0.0646217193097
-0.0647956702182
-0.0649698513755
-0.0651442627531
-0.0653183477741
-0.0654926614955
-0.0656666458829
-0.0658408574611
-0.0660152962067
-0.0661894001056
-0.0663637296657
-0.0665382848608
-0.0667124996644
-0.0668869385856
-0.0670616015924
-0.0672359186241
-0.067410458223
-0.0675846488809
-0.0677590605979
-0.0679336933457
-0.0681079715571
-0.0682824692915
-0.0684571865208
-0.0686315435944
-0.0688061186555
-0.0689809116756
-0.0691553388944
-0.0693299825646
-0.0695048426579
-0.0696793312785
-0.0698540348146
-0.0700289532383
-0.0702034944942
-0.0703782491333
-0.0705532171274
-0.0707278022322
-0.0709025991874
-0.071077607965
-0.0712522281053
-0.0714270585644
-0.0716020993144
-0.0717773503276
-0.071952204081
-0.0721272665891
-0.0723025378241
-0.0724774059677
-0.0726524813307
-0.0728277638855
-0.073002637489
-0.073177716778
-0.0733530017247
-0.0735278718314
-0.07370294609
-0.0738782244727
-0.074053706952
-0.0742287656852
-0.0744040270042
-0.0745794908811
-0.0747545250315
-0.0749297602302
-0.0751051964498
-0.075280196933
-0.0754553969281
-0.0756307964082
-0.0758063953465
-0.0759815494019
-0.0761569014025
-0.0763324513202
-0.0765075502475
-0.0766828455794
-0.0768583372888
-0.0770340253486
-0.0772092530816
-0.0773846756481
-0.0775602930211
-0.0777354438609
-0.0779107879913
-0.0780863253856
-0.0782620560166
-0.0784373105796
-0.0786127568591
-0.0787883948279
-0.0789635504167
-0.0791388961754
-0.0793144320773
-0.0794901580952
-0.0796653919895
-0.0798408144858
-0.0800164255768
-0.0801922252406
-0.0803675229334
-0.0805430076785
-0.0807186794503
-0.080893842755
-0.0810691915507
-0.0812447258151
-0.0814204455231
-0.0815956466555
-0.0817710316918
-0.0819466006013
-0.0821223533545
-0.0822975772587
-0.0824729834672
-0.0826485719554
-0.0828236248971
-0.0829988585847
-0.0831742729929
-0.0833498680965
-0.0835249171522
-0.0837001453625
-0.0838755527012
-0.0840511391405
-0.08422616886
-0.0844013761329
-0.0845767609344
-0.0847523232397
-0.0849273179889
-0.0851024886901
-0.0852778353183
-0.0854526073781
-0.0856275538149
-0.0858026746036
-0.085977969719
-0.0861526791525
-0.0863275613557
-0.0865026163009
-0.0866778439607
-0.0868524746331
-0.0870272764609
-0.0872022494214
-0.0873766181374
-0.0875511564203
-0.0877258642431
-0.0879007415806
-0.0880750030652
-0.0882494324955
-0.088424029845
-0.0885987950878
-0.0887729326683
-0.0889472365686
-0.0891217067637
-0.0892963432287
-0.0894703400152
-0.0896445014932
-0.0898188276382
-0.0899933184269
-0.0901671573082
-0.0903411592559
-0.0905153242491
-0.0906896522666
-0.0908633159301
-0.0910371410316
-0.0912111275486
-0.0913852754585
-0.0915587463268
-0.0917323769942
-0.0919061674381
-0.0920801176335
-0.0922533778499
-0.0924267962115
-0.0926003726931
-0.0927741072702
-0.0929479999184
-0.0931211842986
-0.0932945251333
-0.0934680223986
-0.0936416760715
-0.0938146079075
-0.0939876945289
-0.0941609359128
-0.0943343320359
-0.0945078828748
-0.0946806926208
-0.0948536554464
-0.0950267713285
-0.0952000402448
-0.0953734621728
-0.0955461231373
-0.0957189354621
-0.0958918991248
-0.0960650141035
-0.0962382803758
-0.0964107651622
-0.0965833995751
-0.0967561835923
-0.0969291171916
-0.0971022003523
-0.0972754330547
-0.0974478569564
-0.0976204287147
-0.0977931483091
-0.0979660157176
-0.0981390309169
-0.098311215147
-0.0984835454571
-0.0986560218244
-0.098828644226
-0.0990014126364
-0.0991743270292
-0.0993463807916
-0.0995185787919
-0.0996909210039
-0.0998634074013
-0.100036037958
-0.100208812649
-0.100380695576
-0.100552720864
-0.100724888489
-0.100897198424
-0.101069650643
-0.101242245121
-0.101414981832
-0.101586786529
-0.101758731645
-0.101930817155
-0.102103043036
-0.102275409262
-0.102447915809
-0.102620562651
-0.102792234557
-0.102964044903
-0.103135993662
-0.103308080806
-0.103480306307
-0.103652670133
-0.103825172255
-0.103996653522
-0.104168271176
-0.104340025187
-0.104511915526
-0.104683942162
-0.104856105067
-0.105028404211
-0.105200839564
-0.105373411096
-0.105544893423
-0.105716509948
-0.10588826064
-0.106060145472
-0.106232164415
-0.106404317438
-0.106576604514
-0.106747747928
-0.106919023359
-0.107090430778
-0.107261970158
-0.107433641469
-0.107605444682
-0.107777379768
-0.107949446699
-0.108120299632
-0.108291282304
-0.108462394685
-0.108633636748
-0.108805008465
-0.108976509808
-0.109148140749
-0.109319901261
-0.109490370206
-0.109660966536
-0.109831690223
-0.110002541241
-0.110173519561
-0.110344625158
-0.110515858002
-0.110687218067
-0.110858705326
-0.11103031975
-0.111200527354
-0.11137085983
-0.11154131715
-0.111711899283
-0.111882606203
-0.112053437882
-0.112224394293
-0.112395475409
-0.112566681203
-0.112738011649
-0.112907801511
-0.113077713605
-0.113247747958
-0.113417904556
-0.113588183378
-0.113758584416
-0.113929107657
-0.114099753097
-0.114270520726
-0.114441410538
-0.114612422527
-0.114783556685
-0.114952950869
-0.11512246457
-0.115292097781
-0.115461850495
-0.115631722707
-0.115801714411
-0.1159718256
-0.11614205627
-0.116312406417
-0.116482876033
-0.116653465116
-0.116824173661
-0.116995001662
-0.117163811535
-0.117332737889
-0.117501780719
-0.117670940021
-0.117840215793
-0.118009608029
-0.118179116727
-0.118348741883
-0.118518483492
-0.118688341551
-0.118858316056
-0.119028407003
-0.119198614387
-0.119368938206
-0.119539378455
-0.11970993513
-0.119880608227
-0.120048728262
-0.120216961102
-0.120385306743
-0.120553765183
-0.120722336418
-0.120891020446
-0.121059817266
-0.121228726875
-0.121397749271
-0.121566884449
-0.121736132405
-0.121905493134
-0.122074966633
-0.122244552896
-0.122414251922
-0.122584063705
-0.122753988243
-0.122924025531
-0.123094175565
-0.123264438342
-0.123434813857
-0.123605302108
-0.12377590309
-0.123946616801
-0.124113275395
-0.124280041279
-0.124446914446
-0.124613894897
-0.124780982627
-0.124948177635
-0.125115479916
-0.125282889468
-0.125450406287
-0.125618030371
-0.125785761716
-0.125953600318
-0.126121546174
-0.126289599281
-0.126457759635
-0.126626027234
-0.126794402072
-0.126962884148
-0.127131473458
-0.127300169998
-0.127468973765
-0.127637884756
-0.127806902966
-0.127976028393
-0.128145261033
-0.128314600882
-0.128484047937
-0.128653602194
-0.12882326365
-0.128993032301
-0.129162908143
-0.129332891173
-0.129502981388
-0.129673178782
-0.129843483354
-0.130013895099
-0.130184414014
-0.130355040095
-0.130525773338
-0.130696613741
-0.130867561298
-0.131035058921
-0.131202659283
-0.131370145644
-0.131537734472
-0.131705208764
-0.1318725684
-0.132040029967
-0.132207376344
-0.13237482438
-0.132542156693
-0.132709590396
-0.132876907843
-0.133044326411
-0.133211628189
-0.133378813064
-0.133546098526
-0.133713266554
-0.1338805349
-0.134047685283
-0.134214935716
-0.134382067657
-0.134549080997
-0.134716193856
-0.134883187587
-0.135050280571
-0.135217253902
-0.13538432622
-0.135551278359
-0.135718329219
-0.135885259377
-0.13605228799
-0.136219195377
-0.136385981434
-0.136552865421
-0.136719627554
-0.136886487351
-0.137053224786
-0.137220059637
-0.137386771608
-0.137553580732
-0.137720266455
-0.137887049066
-0.138053707756
-0.13822046307
-0.138387093946
-0.138553821186
-0.138720423471
-0.138887121858
-0.139053694775
-0.139220142131
-0.139386685068
-0.139553101926
-0.139719614113
-0.139885999718
-0.140052480391
-0.140218833963
-0.140385282339
-0.140551603097
-0.140718018399
-0.140884305572
-0.141050687031
-0.141216939851
-0.141383286699
-0.1415495044
-0.141715815871
-0.141881997686
-0.142048273014
-0.142214418176
-0.142380656595
-0.14254676434
-0.142712965085
-0.142879034647
-0.143045196951
-0.143211227563
-0.143377350656
-0.143543341549
-0.143709424661
-0.143875375062
-0.144041417435
-0.144207326604
-0.144373327494
-0.144539194675
-0.144705153317
-0.144870977742
-0.145036893371
-0.145202674279
-0.145368546134
-0.145534282765
-0.145700110089
-0.145865801685
-0.14603158372
